11.003 8.378 0.25 11.003 8.378 0.25 0
10.938 8.383 0.25 10.933 8.378 0.25 0.00707043
10.872 8.387 0.25 10.863 8.378 0.25 0.0127278
10.811 8.394 0.25 10.803 8.388 0.25 0.00999976
10.745 8.398 0.25 10.743 8.388 0.25 0.0101974
10.689 8.408 0.25 10.683 8.398 0.25 0.0116608
10.595 8.388 0.249 10.593 8.378 0.24 0.0136009
10.578 8.402 0.249 10.573 8.398 0.24 0.0110453
10.513 8.404 0.249 10.503 8.398 0.24 0.0147308
10.457 8.414 0.249 10.453 8.408 0.24 0.0115324
10.399 8.421 0.249 10.393 8.418 0.24 0.0112243
10.326 8.416 0.249 10.323 8.408 0.24 0.0124099
10.259 8.416 0.249 10.253 8.408 0.24 0.0134539
10.194 8.416 0.248 10.193 8.408 0.24 0.0113581
10.161 8.415 0.248 10.153 8.408 0.24 0.0133041
10.087 8.408 0.248 10.083 8.398 0.24 0.0134159
10.046 8.428 0.248 10.043 8.428 0.24 0.00854401
9.966 8.414 0.248 9.963 8.408 0.24 0.0104399
9.918 8.428 0.248 9.913 8.428 0.24 0.00943404
9.863 8.434 0.248 9.853 8.428 0.24 0.0141414
9.801 8.435 0.248 9.793 8.428 0.24 0.0133037
9.746 8.414 0.247 9.743 8.408 0.24 0.00969521
9.706 8.433 0.247 9.703 8.428 0.24 0.00911001
9.656 8.443 0.247 9.653 8.438 0.24 0.00911001
9.613 8.459 0.247 9.603 8.458 0.24 0.0122468
9.561 8.467 0.247 9.553 8.458 0.24 0.0139279
9.527 8.49 0.247 9.523 8.488 0.24 0.00830646
9.494 8.515 0.247 9.493 8.508 0.24 0.00994984
9.508 8.554 0.247 9.503 8.548 0.24 0.0104879
9.552 8.648 0.247 9.543 8.638 0.24 0.0151652
9.578 8.726 0.248 9.573 8.718 0.24 0.012369
9.616 8.816 0.248 9.613 8.808 0.24 0.0117044
9.644 8.897 0.248 9.643 8.888 0.24 0.0120829
9.659 8.967 0.248 9.653 8.958 0.24 0.0134537
11.096 8.459 0.185 11.093 8.458 0.18 0.00591597
11.002 8.443 0.185 10.993 8.438 0.18 0.0114451
10.919 8.433 0.185 10.913 8.428 0.18 0.00927313
10.87 8.45 0.185 10.863 8.448 0.18 0.00883171
10.801 8.451 0.185 10.793 8.448 0.18 0.00989955
10.728 8.448 0.185 10.723 8.438 0.18 0.0122465
10.671 8.458 0.185 10.663 8.448 0.18 0.0137479
10.624 8.447 0.185 10.623 8.438 0.18 0.010343
10.564 8.454 0.186 10.563 8.448 0.18 0.00854423
10.494 8.452 0.186 10.493 8.448 0.18 0.00727994
10.432 8.456 0.186 10.423 8.448 0.18 0.0134538
10.379 8.467 0.186 10.373 8.458 0.18 0.0123692
10.321 8.474 0.186 10.313 8.468 0.18 0.011661
10.248 8.468 0.186 10.243 8.468 0.18 0.00781024
10.189 8.446 0.186 10.183 8.438 0.18 0.011661
10.144 8.463 0.186 10.143 8.458 0.18 0.00787394
10.081 8.463 0.186 10.073 8.458 0.18 0.0111804
10.019 8.465 0.186 10.013 8.458 0.18 0.011
9.954 8.464 0.186 9.953 8.458 0.18 0.00854369
9.9 8.472 0.186 9.893 8.468 0.18 0.0100491
9.848 8.481 0.186 9.843 8.478 0.18 0.00836586
9.791 8.486 0.186 9.783 8.478 0.18 0.0128062
9.748 8.475 0.186 9.743 8.468 0.18 0.0104881
9.704 8.491 0.186 9.703 8.488 0.18 0.00678251
9.664 8.509 0.187 9.663 8.508 0.18 0.00714127
9.618 8.522 0.187 9.613 8.518 0.18 0.00948676
9.567 8.531 0.187 9.563 8.528 0.18 0.00860226
9.506 8.53 0.187 9.503 8.528 0.18 0.00787369
9.432 8.517 0.187 9.423 8.508 0.18 0.0145257
9.405 8.52 0.187 9.403 8.518 0.18 0.00754975
9.356 8.529 0.187 9.353 8.528 0.18 0.00768092
9.308 8.538 0.187 9.303 8.528 0.18 0.0131907
9.241 8.531 0.187 9.233 8.528 0.18 0.0110457
9.191 8.538 0.187 9.183 8.528 0.18 0.0145943
9.163 8.565 0.187 9.153 8.558 0.18 0.0140709
9.14 8.598 0.187 9.133 8.588 0.18 0.0140707
9.116 8.603 0.187 9.113 8.598 0.18 0.00911009
9.141 8.681 0.187 9.133 8.678 0.18 0.0110447
9.131 8.726 0.187 9.123 8.718 0.18 0.0133035
9.13 8.78 0.187 9.123 8.778 0.18 0.0100995
9.141 8.846 0.187 9.133 8.838 0.18 0.0133034
9.153 8.914 0.187 9.143 8.908 0.18 0.0136008
9.161 8.978 0.187 9.153 8.968 0.18 0.0145943
9.213 9.058 0.186 9.213 9.048 0.18 0.0116613
9.216 9.118 0.186 9.213 9.108 0.18 0.0120416
9.241 9.201 0.186 9.233 9.198 0.18 0.0104407
9.249 9.267 0.186 9.243 9.258 0.18 0.012369
10.977 8.379 0.097 10.973 8.378 0.09 0.00812347
10.913 8.385 0.097 10.903 8.378 0.09 0.0140712
10.873 8.381 0.098 10.863 8.378 0.09 0.0131528
10.803 8.382 0.098 10.803 8.378 0.09 0.00894413
10.745 8.391 0.098 10.743 8.388 0.09 0.00877472
10.677 8.392 0.099 10.673 8.388 0.09 0.01063
10.616 8.398 0.099 10.613 8.388 0.09 0.0137835
10.547 8.398 0.1 10.543 8.388 0.1 0.0107697
10.488 8.405 0.1 10.483 8.398 0.1 0.00860151
10.428 8.411 0.1 10.423 8.408 0.1 0.00583111
10.387 8.405 0.101 10.383 8.398 0.1 0.00812318
10.308 8.395 0.101 10.303 8.388 0.1 0.00866025
10.233 8.388 0.102 10.223 8.378 0.1 0.0142816
10.179 8.397 0.102 10.173 8.388 0.1 0.0109998
10.12 8.402 0.102 10.113 8.398 0.1 0.00830648
10.065 8.41 0.103 10.063 8.408 0.1 0.00412252
10.008 8.416 0.103 10.003 8.408 0.1 0.00989982
9.953 8.397 0.103 9.943 8.388 0.1 0.0137841
9.91 8.414 0.103 9.903 8.408 0.1 0.00969504
9.851 8.418 0.104 9.843 8.408 0.1 0.0134162
9.781 8.411 0.104 9.773 8.408 0.1 0.00943357
9.724 8.415 0.105 9.723 8.408 0.1 0.0086602
9.664 8.417 0.105 9.663 8.408 0.1 0.0103439
9.617 8.429 0.105 9.613 8.428 0.1 0.00648046
9.576 8.42 0.105 9.573 8.418 0.1 0.00616448
9.524 8.428 0.106 9.523 8.428 0.1 0.00608268
9.441 8.407 0.106 9.433 8.398 0.1 0.0134525
9.392 8.417 0.107 9.383 8.408 0.1 0.0145256
9.349 8.432 0.107 9.343 8.428 0.1 0.0100495
9.271 8.414 0.107 9.263 8.408 0.1 0.012206
9.198 8.402 0.108 9.193 8.398 0.1 0.0102469
9.165 8.397 0.108 9.163 8.388 0.1 0.0122064
9.115 8.404 0.108 9.113 8.398 0.1 0.0101978
9.06 8.407 0.109 9.053 8.398 0.1 0.0145251
9.016 8.419 0.109 9.013 8.418 0.1 0.00953912
8.975 8.434 0.109 8.973 8.428 0.1 0.0109997
8.909 8.425 0.109 8.903 8.418 0.1 0.0128843
8.861 8.432 0.11 8.853 8.428 0.1 0.013416
8.801 8.428 0.11 8.793 8.428 0.1 0.0128059
8.792 8.446 0.11 8.783 8.438 0.1 0.0156521
8.757 8.466 0.11 8.753 8.458 0.1 0.013416
8.763 8.525 0.11 8.753 8.518 0.1 0.0157788
8.807 8.621 0.109 8.803 8.618 0.1 0.0102956
8.798 8.667 0.109 8.793 8.658 0.1 0.0136747
8.782 8.706 0.108 8.773 8.698 0.1 0.0144563
8.792 8.77 0.108 8.783 8.768 0.1 0.0122064
8.842 8.847 0.107 8.833 8.838 0.1 0.0145256
8.846 8.907 0.107 8.843 8.898 0.1 0.0117888
8.897 9.015 0.106 8.893 9.008 0.1 0.0100497
8.917 9.091 0.106 8.913 9.088 0.1 0.00780983
8.93 9.162 0.105 8.923 9.158 0.1 0.00948671
8.94 9.23 0.105 8.933 9.228 0.1 0.00883072
8.965 9.314 0.104 8.963 9.308 0.1 0.00748289
8.996 9.376 0.104 8.993 9.368 0.1 0.00943442
9.013 9.452 0.103 9.003 9.448 0.1 0.0111795
9.061 9.562 0.102 9.053 9.558 0.1 0.0091645
9.068 9.63 0.102 9.063 9.628 0.1 0.00574371
11.033 8.358 0.012 11.023 8.348 0.01 0.0142817
10.986 8.377 0.012 10.983 8.368 0.01 0.00969527
10.937 8.394 0.012 10.933 8.388 0.01 0.00748246
11.004 8.501 0.011 11.003 8.498 0.01 0.0033169
11.055 8.595 0.009 11.053 8.588 0 0.0115758
11.087 8.648 0.008 11.083 8.638 0 0.0134159
11.077 8.697 0.008 11.073 8.688 0 0.0126877
11.062 8.742 0.008 11.053 8.738 0 0.0126885
11.009 8.756 0.008 11.003 8.748 0 0.0128059
10.612 8.494 0.015 10.603 8.488 0.01 0.0119159
10.631 8.564 0.014 10.623 8.558 0.01 0.0107701
10.345 8.386 0.019 10.343 8.378 0.01 0.0122062
10.274 8.356 0.02 10.273 8.348 0.01 0.0128448
10.239 8.38 0.02 10.233 8.378 0.01 0.0118321
10.185 8.39 0.021 10.183 8.388 0.02 0.0029992
11.063 9.175 0.004 11.053 9.168 0 0.0128452
10.11 8.435 0.021 10.103 8.428 0.02 0.0099491
10.013 8.408 0.022 10.003 8.398 0.02 0.0142824
9.941 8.4 0.023 9.933 8.398 0.02 0.00877417
9.903 8.395 0.024 9.893 8.388 0.02 0.0128447
9.83 8.386 0.024 9.823 8.378 0.02 0.0113573
9.767 8.386 0.025 9.763 8.378 0.02 0.0102464
9.721 8.399 0.025 9.713 8.398 0.02 0.00948627
9.656 8.395 0.026 9.653 8.388 0.02 0.00969542
9.598 8.398 0.027 9.593 8.388 0.02 0.0131901
9.547 8.407 0.027 9.543 8.398 0.02 0.0120821
9.497 8.416 0.028 9.493 8.408 0.02 0.0120002
9.46 8.409 0.028 9.453 8.408 0.02 0.0106771
9.372 8.384 0.029 9.363 8.378 0.02 0.0140709
9.309 8.38 0.03 9.303 8.378 0.02 0.0118319
9.254 8.384 0.031 9.253 8.378 0.03 0.00616383
9.173 8.363 0.032 9.173 8.358 0.03 0.00538526
9.134 8.379 0.032 9.133 8.378 0.03 0.002449
9.081 8.383 0.032 9.073 8.378 0.03 0.00964395
9.039 8.37 0.033 9.033 8.368 0.03 0.00699963
8.989 8.377 0.033 8.983 8.368 0.03 0.0112252
8.935 8.379 0.034 8.933 8.378 0.03 0.00458236
8.887 8.386 0.034 8.883 8.378 0.03 0.00979735
8.831 8.387 0.035 8.823 8.378 0.03 0.0130385
8.788 8.398 0.035 8.783 8.388 0.03 0.0122469
8.717 8.382 0.036 8.713 8.378 0.03 0.00824592
8.688 8.381 0.036 8.683 8.378 0.03 0.00836581
8.631 8.379 0.037 8.623 8.378 0.03 0.0106766
8.581 8.382 0.037 8.573 8.378 0.03 0.0113579
8.534 8.389 0.038 8.533 8.388 0.03 0.00812401
8.502 8.41 0.038 8.493 8.408 0.03 0.0122064
8.498 8.46 0.037 8.493 8.458 0.03 0.00883177
8.503 8.517 0.037 8.503 8.508 0.03 0.0114016
8.497 8.565 0.036 8.493 8.558 0.03 0.0100491
8.512 8.607 0.036 8.503 8.598 0.03 0.0140711
8.525 8.675 0.035 8.523 8.668 0.03 0.00883151
8.524 8.729 0.035 8.523 8.728 0.03 0.00519596
8.537 8.798 0.034 8.533 8.798 0.03 0.00565664
8.536 8.852 0.033 8.533 8.848 0.03 0.0058309
8.584 8.958 0.032 8.583 8.948 0.03 0.0102471
8.601 9.033 0.031 8.593 9.028 0.03 0.00948638
8.634 9.096 0.03 8.633 9.088 0.02 0.0128448
8.65 9.171 0.029 8.643 9.168 0.02 0.0117891
8.574 9.147 0.03 8.573 9.138 0.02 0.0134906
8.696 9.337 0.027 8.693 9.328 0.02 0.0117898
8.706 9.407 0.026 8.703 9.398 0.02 0.0112241
8.748 9.512 0.024 8.743 9.508 0.02 0.00754974
8.761 9.587 0.024 8.753 9.578 0.02 0.0126881
8.786 9.675 0.022 8.783 9.668 0.02 0.00787412
11.053 8.354 -0.085 11.053 8.348 -0.09 0.00780994
11.015 8.381 -0.085 11.013 8.378 -0.09 0.00616408
11.019 8.438 -0.086 11.013 8.428 -0.09 0.0123282
11.124 8.574 -0.089 11.123 8.568 -0.09 0.006165
11.122 8.628 -0.09 11.113 8.628 -0.1 0.0134536
11.113 8.677 -0.091 11.103 8.668 -0.1 0.0161857
11.126 8.744 -0.092 11.123 8.738 -0.1 0.0104406
10.996 8.67 -0.089 10.993 8.668 -0.09 0.0037416
11.061 8.777 -0.091 11.053 8.768 -0.1 0.0150332
10.594 8.462 -0.079 10.593 8.458 -0.08 0.00424236
10.427 8.383 -0.075 10.423 8.378 -0.08 0.0081241
10.363 8.386 -0.074 10.353 8.378 -0.08 0.0141411
10.278 8.37 -0.073 10.273 8.368 -0.08 0.00883117
10.242 8.395 -0.073 10.233 8.388 -0.08 0.0133791
10.197 8.412 -0.072 10.193 8.408 -0.08 0.00979784
10.167 8.414 -0.072 10.163 8.408 -0.08 0.0107701
10.097 8.41 -0.07 10.093 8.408 -0.08 0.0109544
9.914 8.417 -0.068 9.913 8.408 -0.07 0.00927337
9.849 8.416 -0.067 9.843 8.408 -0.07 0.0104404
11.178 9.637 -0.104 11.173 9.628 -0.11 0.0119162
9.675 8.4 -0.064 9.673 8.398 -0.07 0.00663289
9.626 8.411 -0.063 9.623 8.408 -0.07 0.00818557
9.565 8.411 -0.062 9.563 8.408 -0.07 0.00877482
9.513 8.418 -0.061 9.503 8.408 -0.07 0.0167627
9.432 8.399 -0.06 9.423 8.398 -0.06 0.00905523
9.378 8.405 -0.059 9.373 8.398 -0.06 0.00865956
9.343 8.399 -0.058 9.343 8.398 -0.06 0.00223585
9.254 8.372 -0.057 9.253 8.368 -0.06 0.00509867
9.226 8.4 -0.057 9.223 8.398 -0.06 0.0046895
9.192 8.422 -0.056 9.183 8.418 -0.06 0.0106299
10.432 9.89 -0.096 10.423 9.888 -0.1 0.0100498
10.382 9.904 -0.096 10.373 9.898 -0.1 0.0115324
10.339 9.926 -0.095 10.333 9.918 -0.1 0.0111799
10.206 9.86 -0.092 10.203 9.858 -0.1 0.00877494
10.131 9.911 -0.092 10.123 9.908 -0.1 0.0117048
8.543 8.443 -0.047 8.533 8.438 -0.05 0.0115756
8.5 8.453 -0.046 8.493 8.448 -0.05 0.00948689
9.939 9.94 -0.09 9.933 9.938 -0.1 0.0118317
9.878 9.942 -0.089 9.873 9.938 -0.09 0.00648071
9.819 9.944 -0.088 9.813 9.938 -0.09 0.00871711
9.744 9.931 -0.087 9.743 9.928 -0.09 0.00435851
9.694 9.943 -0.086 9.693 9.938 -0.09 0.00648011
9.643 9.921 -0.085 9.633 9.918 -0.09 0.011575
9.54 9.878 -0.083 9.533 9.878 -0.09 0.0098995
9.519 9.918 -0.083 9.513 9.908 -0.09 0.0136014
9.431 9.889 -0.081 9.423 9.888 -0.09 0.0120827
9.127 9.631 -0.073 9.123 9.628 -0.08 0.00860199
8.551 9.083 -0.056 8.543 9.078 -0.06 0.0102465
8.537 9.124 -0.057 8.533 9.118 -0.06 0.00780979
8.551 9.169 -0.058 8.543 9.168 -0.06 0.00830599
8.562 9.238 -0.059 8.553 9.228 -0.06 0.0134901
8.547 9.281 -0.059 8.543 9.278 -0.06 0.0050989
8.563 9.356 -0.061 8.553 9.348 -0.07 0.0156517
8.547 9.398 -0.061 8.543 9.388 -0.07 0.0140351
8.56 9.472 -0.063 8.553 9.468 -0.07 0.0106769
8.563 9.534 -0.064 8.553 9.528 -0.07 0.0131145
8.565 9.567 -0.064 8.563 9.558 -0.07 0.0109996
8.567 9.63 -0.065 8.563 9.628 -0.07 0.00670797
8.565 9.688 -0.066 8.563 9.678 -0.07 0.0109535
8.579 9.766 -0.067 8.573 9.758 -0.07 0.0104401
8.573 9.822 -0.068 8.563 9.818 -0.07 0.0109537
8.584 9.897 -0.07 8.583 9.888 -0.08 0.0134906
11.027 8.38 -0.156 11.023 8.378 -0.16 0.00599927
10.974 8.394 -0.156 10.973 8.388 -0.16 0.00727964
11.083 8.505 -0.16 11.073 8.498 -0.16 0.0122066
11.084 8.562 -0.16 11.083 8.558 -0.16 0.00412281
11.092 8.623 -0.162 11.083 8.618 -0.17 0.0130384
11.107 8.692 -0.163 11.103 8.688 -0.17 0.00899942
11.119 8.757 -0.164 11.113 8.748 -0.17 0.0123692
10.926 8.66 -0.159 10.923 8.658 -0.16 0.00374155
10.931 8.721 -0.16 10.923 8.718 -0.16 0.00854376
10.391 8.369 -0.143 10.383 8.368 -0.15 0.0106771
10.33 8.374 -0.142 10.323 8.368 -0.15 0.0122064
10.279 8.386 -0.141 10.273 8.378 -0.15 0.0134528
10.219 8.39 -0.14 10.213 8.388 -0.15 0.0118321
10.177 8.409 -0.14 10.173 8.408 -0.15 0.0108167
10.111 8.408 -0.138 10.103 8.398 -0.14 0.0129603
10.045 8.406 -0.137 10.043 8.398 -0.14 0.00877442
9.992 8.389 -0.135 9.983 8.388 -0.14 0.0103438
9.941 8.399 -0.135 9.933 8.398 -0.14 0.00948627
9.881 8.402 -0.133 9.873 8.398 -0.14 0.0113574
9.842 8.422 -0.133 9.833 8.418 -0.14 0.0120828
11.166 9.621 -0.18 11.163 9.618 -0.19 0.0108629
11.163 9.68 -0.181 11.153 9.678 -0.19 0.0136014
9.641 8.408 -0.129 9.633 8.398 -0.13 0.0128443
9.599 8.398 -0.128 9.593 8.388 -0.13 0.0118314
9.537 8.396 -0.127 9.533 8.388 -0.13 0.00943335
9.488 8.406 -0.126 9.483 8.398 -0.13 0.0102465
9.414 8.394 -0.124 9.413 8.388 -0.13 0.00854366
9.377 8.414 -0.124 9.373 8.408 -0.13 0.00938049
9.29 8.388 -0.122 9.283 8.378 -0.13 0.014594
9.238 8.394 -0.121 9.233 8.388 -0.13 0.0119162
9.198 8.384 -0.12 9.193 8.378 -0.12 0.00780999
9.369 8.595 -0.127 9.363 8.588 -0.13 0.00969567
10.373 9.918 -0.17 10.363 9.908 -0.18 0.0173206
10.317 9.927 -0.169 10.313 9.918 -0.17 0.00989891
8.395 8.355 -0.104 8.393 8.348 -0.11 0.00943322
8.446 8.46 -0.107 8.443 8.458 -0.11 0.00469052
9.573 9.931 -0.155 9.563 9.928 -0.16 0.0115751
9.506 9.923 -0.154 9.503 9.918 -0.16 0.00836641
9.461 9.939 -0.153 9.453 9.938 -0.16 0.0106772
9.356 9.89 -0.15 9.353 9.888 -0.16 0.0106299
9.312 9.906 -0.15 9.303 9.898 -0.16 0.015652
9.139 9.783 -0.144 9.133 9.778 -0.15 0.00984862
9.124 9.828 -0.145 9.123 9.818 -0.15 0.0112252
8.589 9.918 -0.137 8.583 9.908 -0.14 0.0120415
10.993 8.338 -0.237 10.983 8.338 -0.24 0.0104403
10.992 8.392 -0.238 10.983 8.388 -0.24 0.0100498
11.04 8.484 -0.241 11.033 8.478 -0.25 0.0128839
11.034 8.534 -0.242 11.033 8.528 -0.25 0.0100502
11.044 8.597 -0.244 11.043 8.588 -0.25 0.0108626
11.068 8.644 -0.245 11.063 8.638 -0.25 0.00927282
11.071 8.702 -0.246 11.063 8.698 -0.25 0.00979702
11.156 8.826 -0.251 11.153 8.818 -0.26 0.0124099
10.817 8.613 -0.238 10.813 8.608 -0.24 0.00670768
10.342 8.343 -0.221 10.333 8.338 -0.23 0.0136748
10.305 8.367 -0.22 10.303 8.358 -0.22 0.00921935
10.233 8.335 -0.218 10.223 8.328 -0.22 0.0123685
10.182 8.347 -0.217 10.173 8.338 -0.22 0.0130766
10.149 8.374 -0.217 10.143 8.368 -0.22 0.00899907
11.184 9.284 -0.261 11.183 9.278 -0.27 0.010863
11.193 9.351 -0.262 11.183 9.348 -0.27 0.013152
9.935 8.356 -0.211 9.933 8.348 -0.22 0.0122061
9.866 8.351 -0.209 9.863 8.348 -0.21 0.00435862
11.131 9.569 -0.265 11.123 9.568 -0.27 0.00948689
11.132 9.63 -0.267 11.123 9.628 -0.27 0.00969532
9.6 8.363 -0.203 9.593 8.358 -0.21 0.0110906
9.532 8.356 -0.201 9.523 8.348 -0.21 0.0150323
9.468 8.353 -0.2 9.463 8.348 -0.21 0.0122472
9.416 8.334 -0.198 9.413 8.328 -0.2 0.0069997
9.391 8.365 -0.198 9.383 8.358 -0.2 0.0108162
9.298 8.334 -0.195 9.293 8.328 -0.2 0.00927335
9.258 8.351 -0.195 9.253 8.348 -0.2 0.00768094
9.189 8.341 -0.193 9.183 8.338 -0.2 0.00969483
9.127 8.338 -0.191 9.123 8.338 -0.2 0.00984878
9.323 8.597 -0.202 9.313 8.588 -0.21 0.0156519
9.315 8.644 -0.202 9.313 8.638 -0.21 0.0101976
9.322 8.705 -0.204 9.313 8.698 -0.21 0.0128832
9.313 8.752 -0.205 9.303 8.748 -0.21 0.0118736
9.45 8.991 -0.213 9.443 8.988 -0.22 0.0103442
9.453 9.051 -0.215 9.443 9.048 -0.22 0.0115759
9.442 9.098 -0.215 9.433 9.088 -0.22 0.0143521
9.461 9.144 -0.217 9.453 9.138 -0.22 0.0104403
9.469 9.21 -0.218 9.463 9.208 -0.22 0.00663283
9.453 9.253 -0.219 9.443 9.248 -0.22 0.0112253
9.539 9.454 -0.225 9.533 9.448 -0.23 0.00984892
8.401 8.383 -0.176 8.393 8.378 -0.18 0.0102465
8.375 8.41 -0.176 8.373 8.408 -0.18 0.00489887
9.471 9.535 -0.226 9.463 9.528 -0.23 0.0113573
9.465 9.589 -0.227 9.463 9.588 -0.23 0.00374144
9.46 9.644 -0.228 9.453 9.638 -0.23 0.00943365
9.469 9.714 -0.23 9.463 9.708 -0.24 0.0131145
9.459 9.765 -0.231 9.453 9.758 -0.24 0.0128838
9.473 9.841 -0.233 9.463 9.838 -0.24 0.0125691
9.496 9.927 -0.235 9.493 9.918 -0.24 0.0107237
9.38 9.836 -0.231 9.373 9.828 -0.24 0.0139285
9.345 9.861 -0.23 9.343 9.858 -0.24 0.0106302
9.281 9.856 -0.229 9.273 9.848 -0.23 0.011357
9.224 9.857 -0.228 9.223 9.848 -0.23 0.00927347
8.565 9.214 -0.198 8.563 9.208 -0.2 0.00663247
8.467 9.825 -0.211 8.463 9.818 -0.22 0.0120829
8.479 9.902 -0.213 8.473 9.898 -0.22 0.0100495
11.073 8.339 -0.33 11.063 8.338 -0.34 0.0141767
11 8.338 -0.328 10.993 8.338 -0.33 0.00728011
10.922 8.333 -0.326 10.913 8.328 -0.33 0.0110454
10.878 8.354 -0.325 10.873 8.348 -0.33 0.00927337
10.817 8.361 -0.323 10.813 8.358 -0.33 0.00860196
10.737 8.353 -0.32 10.733 8.348 -0.32 0.0064025
10.682 8.364 -0.319 10.673 8.358 -0.32 0.0108631
10.627 8.348 -0.317 10.623 8.338 -0.32 0.0111797
10.566 8.354 -0.315 10.563 8.348 -0.32 0.00836595
10.542 8.388 -0.315 10.533 8.378 -0.32 0.0143521
10.535 8.438 -0.316 10.533 8.428 -0.32 0.0109537
10.385 8.37 -0.31 10.383 8.368 -0.32 0.0103923
10.316 8.369 -0.308 10.313 8.368 -0.31 0.00374096
10.275 8.388 -0.307 10.273 8.378 -0.31 0.0106292
10.234 8.382 -0.306 10.233 8.378 -0.31 0.00574436
10.164 8.378 -0.304 10.163 8.378 -0.31 0.00608277
10.11 8.387 -0.302 10.103 8.378 -0.31 0.0139278
10.027 8.371 -0.3 10.023 8.368 -0.31 0.0111801
11.238 9.446 -0.362 11.233 9.438 -0.37 0.0123689
9.918 8.386 -0.297 9.913 8.378 -0.3 0.00989907
9.863 8.392 -0.295 9.853 8.388 -0.3 0.0118737
11.229 9.59 -0.365 11.223 9.588 -0.37 0.00806148
11.218 9.642 -0.366 11.213 9.638 -0.37 0.00754968
9.683 8.371 -0.289 9.673 8.368 -0.29 0.0104875
9.63 8.378 -0.288 9.623 8.378 -0.29 0.00728011
9.564 8.374 -0.286 9.563 8.368 -0.29 0.00727969
9.524 8.392 -0.285 9.523 8.388 -0.29 0.00648047
9.458 8.386 -0.283 9.453 8.378 -0.29 0.011747
9.387 8.376 -0.281 9.383 8.368 -0.29 0.0126887
9.354 8.373 -0.28 9.353 8.368 -0.29 0.011225
9.31 8.386 -0.279 9.303 8.378 -0.28 0.0106766
9.422 8.596 -0.288 9.413 8.588 -0.29 0.012206
9.352 8.64 -0.287 9.343 8.638 -0.29 0.00969513
9.35 8.693 -0.288 9.343 8.688 -0.29 0.00883125
9.367 8.736 -0.29 9.363 8.728 -0.29 0.00894369
9.354 8.779 -0.291 9.353 8.778 -0.3 0.00911042
9.502 9.032 -0.301 9.493 9.028 -0.31 0.0133415
9.501 9.088 -0.303 9.493 9.088 -0.31 0.0106304
9.496 9.14 -0.304 9.493 9.138 -0.31 0.00700008
9.501 9.203 -0.306 9.493 9.198 -0.31 0.0102473
9.518 9.249 -0.308 9.513 9.248 -0.31 0.00547631
9.503 9.293 -0.308 9.503 9.288 -0.31 0.00538526
9.517 9.365 -0.311 9.513 9.358 -0.32 0.0120829
9.619 9.526 -0.318 9.613 9.518 -0.32 0.0101979
9.49 9.457 -0.313 9.483 9.448 -0.32 0.013379
8.328 8.347 -0.251 8.323 8.338 -0.26 0.0136747
8.387 8.46 -0.255 8.383 8.458 -0.26 0.00670796
9.34 9.454 -0.308 9.333 9.448 -0.31 0.0094343
9.288 9.461 -0.307 9.283 9.458 -0.31 0.0065576
9.265 9.497 -0.307 9.263 9.488 -0.31 0.00969513
9.273 9.565 -0.31 9.263 9.558 -0.32 0.0157788
9.266 9.619 -0.311 9.263 9.618 -0.32 0.00953921
9.25 9.662 -0.312 9.243 9.658 -0.32 0.0113577
9.385 9.867 -0.321 9.383 9.858 -0.33 0.0128839
9.308 9.847 -0.318 9.303 9.838 -0.32 0.0104875
9.313 9.883 -0.32 9.303 9.878 -0.32 0.0111797
9.283 9.914 -0.32 9.273 9.908 -0.32 0.0116611
9.234 9.924 -0.319 9.233 9.918 -0.32 0.00616409
8.522 9.941 -0.301 8.513 9.938 -0.31 0.0130764
8.488 9.965 -0.301 8.483 9.958 -0.31 0.0124499
11.091 8.293 -0.412 11.083 8.288 -0.42 0.0123694
11.034 8.305 -0.411 11.033 8.298 -0.42 0.0114455
10.981 8.319 -0.409 10.973 8.318 -0.41 0.0081231
10.931 8.309 -0.407 10.923 8.308 -0.41 0.00860225
10.864 8.311 -0.405 10.863 8.308 -0.41 0.00591572
10.8 8.316 -0.403 10.793 8.308 -0.41 0.0127275
10.721 8.31 -0.4 10.713 8.308 -0.41 0.0129614
10.668 8.323 -0.398 10.663 8.318 -0.4 0.00734861
10.595 8.319 -0.396 10.593 8.318 -0.4 0.00458267
10.542 8.332 -0.394 10.533 8.328 -0.4 0.0115325
10.49 8.317 -0.392 10.483 8.308 -0.4 0.0139283
10.432 8.325 -0.39 10.423 8.318 -0.39 0.0114018
10.39 8.345 -0.389 10.383 8.338 -0.39 0.00994987
10.302 8.328 -0.386 10.293 8.318 -0.39 0.0140359
10.232 8.325 -0.383 10.223 8.318 -0.39 0.0133784
10.2 8.352 -0.383 10.193 8.348 -0.39 0.010677
10.121 8.341 -0.38 10.113 8.338 -0.38 0.00854376
10.073 8.355 -0.378 10.063 8.348 -0.38 0.0123679
10.031 8.346 -0.377 10.023 8.338 -0.38 0.0117036
9.951 8.333 -0.374 9.943 8.328 -0.38 0.0111807
9.883 8.33 -0.371 9.883 8.328 -0.38 0.00921951
9.851 8.356 -0.371 9.843 8.348 -0.38 0.0144562
9.767 8.337 -0.368 9.763 8.328 -0.37 0.0100496
9.738 8.365 -0.367 9.733 8.358 -0.37 0.00911049
9.655 8.348 -0.364 9.653 8.338 -0.37 0.0118315
9.627 8.35 -0.363 9.623 8.348 -0.37 0.0083065
9.543 8.33 -0.36 9.533 8.328 -0.37 0.014283
9.489 8.335 -0.358 9.483 8.328 -0.36 0.00943422
9.44 8.345 -0.357 9.433 8.338 -0.36 0.0103434
9.372 8.338 -0.354 9.363 8.338 -0.36 0.0108165
9.322 8.346 -0.353 9.313 8.338 -0.36 0.0139273
9.267 8.35 -0.351 9.263 8.348 -0.36 0.0100497
9.217 8.331 -0.349 9.213 8.328 -0.35 0.0050989
9.13 8.305 -0.345 9.123 8.298 -0.35 0.0110905
9.256 8.472 -0.354 9.253 8.468 -0.36 0.00780983
9.338 8.601 -0.361 9.333 8.598 -0.37 0.0107237
9.352 8.668 -0.364 9.343 8.658 -0.37 0.0147309
9.356 8.726 -0.365 9.353 8.718 -0.37 0.00989879
9.356 8.781 -0.367 9.353 8.778 -0.37 0.00519586
9.361 8.814 -0.368 9.353 8.808 -0.37 0.0101974
9.487 9.217 -0.385 9.483 9.208 -0.39 0.0110455
9.501 9.288 -0.387 9.493 9.278 -0.39 0.0131533
9.486 9.332 -0.388 9.483 9.328 -0.39 0.0053851
9.49 9.424 -0.391 9.483 9.418 -0.4 0.0128839
8.375 8.373 -0.323 8.373 8.368 -0.33 0.00883179
8.256 8.307 -0.317 8.253 8.298 -0.32 0.00994957
9.324 9.435 -0.386 9.323 9.428 -0.39 0.00812399
9.281 9.452 -0.386 9.273 9.448 -0.39 0.00979734
9.277 9.507 -0.387 9.273 9.498 -0.39 0.0102954
9.288 9.548 -0.389 9.283 9.548 -0.39 0.00509912
9.347 9.791 -0.398 9.343 9.788 -0.4 0.00538511
9.326 9.831 -0.399 9.323 9.828 -0.4 0.00435918
9.323 9.889 -0.401 9.313 9.888 -0.41 0.0134902
9.253 9.878 -0.398 9.253 9.878 -0.4 0.00200001
9.227 9.88 -0.398 9.223 9.878 -0.4 0.00489866
8.492 9.905 -0.377 8.483 9.898 -0.38 0.0117891
8.431 9.929 -0.376 8.423 9.928 -0.38 0.00899949
11.051 8.248 -0.489 11.043 8.238 -0.49 0.0128454
11.03 8.287 -0.489 11.023 8.278 -0.49 0.0114448
10.959 8.287 -0.487 10.953 8.278 -0.49 0.0112248
10.885 8.285 -0.484 10.883 8.278 -0.49 0.00943391
10.815 8.285 -0.481 10.813 8.278 -0.49 0.0115756
10.772 8.279 -0.479 10.763 8.278 -0.48 0.00911048
10.686 8.267 -0.475 10.683 8.258 -0.48 0.0107234
10.635 8.28 -0.473 10.633 8.278 -0.48 0.00754978
10.565 8.279 -0.471 10.563 8.278 -0.48 0.00927345
10.504 8.285 -0.468 10.503 8.278 -0.47 0.00734838
10.453 8.298 -0.467 10.443 8.298 -0.47 0.0104403
10.385 8.297 -0.464 10.383 8.288 -0.47 0.0109998
10.334 8.283 -0.462 10.333 8.278 -0.47 0.00948688
10.271 8.286 -0.459 10.263 8.278 -0.46 0.0113581
10.209 8.289 -0.457 10.203 8.288 -0.46 0.00678227
10.146 8.29 -0.455 10.143 8.288 -0.46 0.00616389
10.086 8.294 -0.452 10.083 8.288 -0.46 0.0104401
10.019 8.291 -0.45 10.013 8.288 -0.45 0.00670834
9.974 8.308 -0.448 9.973 8.298 -0.45 0.0102462
9.935 8.301 -0.447 9.933 8.298 -0.45 0.00468988
9.863 8.294 -0.444 9.853 8.288 -0.45 0.0131142
9.801 8.294 -0.441 9.793 8.288 -0.45 0.0134531
9.75 8.304 -0.44 9.743 8.298 -0.44 0.00921928
9.685 8.3 -0.437 9.683 8.298 -0.44 0.00412295
9.625 8.302 -0.435 9.623 8.298 -0.44 0.006708
9.583 8.318 -0.434 9.573 8.308 -0.44 0.0153619
9.535 8.303 -0.431 9.533 8.298 -0.44 0.0104882
9.477 8.305 -0.429 9.473 8.298 -0.43 0.00812389
9.414 8.301 -0.427 9.413 8.298 -0.43 0.00435832
9.362 8.308 -0.425 9.353 8.298 -0.43 0.0143521
9.311 8.315 -0.423 9.303 8.308 -0.43 0.012727
9.267 8.328 -0.422 9.263 8.318 -0.43 0.0134166
9.229 8.347 -0.421 9.223 8.338 -0.43 0.014071
9.178 8.353 -0.42 9.173 8.348 -0.42 0.00707064
9.17 8.372 -0.42 9.163 8.368 -0.42 0.00806211
9.297 8.542 -0.431 9.293 8.538 -0.44 0.0106299
9.306 8.605 -0.433 9.303 8.598 -0.44 0.0103432
9.325 8.677 -0.436 9.323 8.668 -0.44 0.0100497
9.309 8.717 -0.437 9.303 8.708 -0.44 0.0112245
9.313 8.776 -0.439 9.303 8.768 -0.44 0.0128442
9.493 9.204 -0.461 9.483 9.198 -0.47 0.0147313
9.494 9.263 -0.463 9.493 9.258 -0.47 0.00865978
9.492 9.319 -0.465 9.483 9.318 -0.47 0.0103439
9.49 9.376 -0.466 9.483 9.368 -0.47 0.0113581
9.549 9.524 -0.474 9.543 9.518 -0.48 0.0103918
8.327 8.353 -0.389 8.323 8.348 -0.39 0.00647994
8.204 8.281 -0.382 8.203 8.278 -0.39 0.00860243
8.366 8.499 -0.395 8.363 8.498 -0.4 0.00591615
8.354 8.54 -0.396 8.353 8.538 -0.4 0.00458243
8.349 8.589 -0.398 8.343 8.588 -0.4 0.00640266
8.344 8.638 -0.4 8.343 8.628 -0.41 0.0141768
8.36 8.681 -0.402 8.353 8.678 -0.41 0.0110446
8.375 8.752 -0.405 8.373 8.748 -0.41 0.00670805
8.369 8.802 -0.406 8.363 8.798 -0.41 0.00824643
8.372 8.86 -0.409 8.363 8.858 -0.41 0.0092734
9.255 9.861 -0.476 9.253 9.858 -0.48 0.00538524
8.364 8.964 -0.412 8.363 8.958 -0.42 0.0100496
8.354 9.038 -0.415 8.353 9.028 -0.42 0.0112251
8.351 9.093 -0.417 8.343 9.088 -0.42 0.00989906
8.341 9.139 -0.418 8.333 9.138 -0.42 0.00830597
8.348 9.206 -0.421 8.343 9.198 -0.43 0.0130383
8.351 9.268 -0.423 8.343 9.258 -0.43 0.0145936
8.381 9.816 -0.445 8.373 9.808 -0.45 0.0123686
8.374 9.871 -0.447 8.373 9.868 -0.45 0.00435898
8.396 9.929 -0.45 8.393 9.928 -0.45 0.00316142
11.057 8.24 -0.577 11.053 8.238 -0.58 0.00538511
10.999 8.25 -0.575 10.993 8.248 -0.58 0.00806223
10.922 8.247 -0.571 10.913 8.238 -0.58 0.0155883
10.858 8.252 -0.568 10.853 8.248 -0.57 0.00670733
10.8 8.262 -0.566 10.793 8.258 -0.57 0.00899987
10.727 8.259 -0.563 10.723 8.258 -0.57 0.00812345
10.661 8.262 -0.56 10.653 8.258 -0.57 0.0134163
10.613 8.252 -0.557 10.603 8.248 -0.56 0.0111794
10.55 8.256 -0.555 10.543 8.248 -0.56 0.011747
10.483 8.257 -0.552 10.473 8.248 -0.56 0.0156518
10.416 8.258 -0.549 10.413 8.258 -0.55 0.00316227
10.357 8.264 -0.546 10.353 8.258 -0.55 0.00824537
10.298 8.271 -0.544 10.293 8.268 -0.55 0.00836633
10.235 8.273 -0.541 10.233 8.268 -0.55 0.0104877
10.185 8.259 -0.539 10.183 8.258 -0.54 0.00244845
10.128 8.266 -0.536 10.123 8.258 -0.54 0.0102465
10.069 8.271 -0.534 10.063 8.268 -0.54 0.00899913
10.003 8.269 -0.531 10.003 8.268 -0.54 0.00905533
9.956 8.283 -0.529 9.953 8.278 -0.53 0.00591626
9.891 8.282 -0.527 9.883 8.278 -0.53 0.00943333
9.861 8.309 -0.526 9.853 8.308 -0.53 0.00899947
9.781 8.295 -0.522 9.773 8.288 -0.53 0.0133037
9.728 8.277 -0.519 9.723 8.268 -0.52 0.0103435
9.67 8.28 -0.517 9.663 8.278 -0.52 0.00787394
9.603 8.276 -0.514 9.593 8.268 -0.52 0.0141413
9.562 8.293 -0.513 9.553 8.288 -0.52 0.0124498
9.515 8.304 -0.511 9.513 8.298 -0.52 0.0109997
9.436 8.288 -0.507 9.433 8.278 -0.51 0.0108628
9.386 8.297 -0.505 9.383 8.288 -0.51 0.0107234
9.343 8.285 -0.503 9.343 8.278 -0.51 0.0098994
9.22 8.28 -0.498 9.213 8.278 -0.5 0.00754978
9.177 8.294 -0.497 9.173 8.288 -0.5 0.00780978
9.123 8.297 -0.494 9.113 8.288 -0.5 0.0147309
9.072 8.303 -0.492 9.063 8.298 -0.5 0.0130376
9.016 8.304 -0.49 9.013 8.298 -0.5 0.0120412
8.978 8.296 -0.488 8.973 8.288 -0.49 0.00964274
8.916 8.29 -0.485 8.913 8.288 -0.49 0.00616453
8.869 8.299 -0.484 8.863 8.298 -0.49 0.0085443
8.653 8.303 -0.475 8.643 8.298 -0.48 0.012247
8.583 8.289 -0.472 8.573 8.288 -0.48 0.0128453
8.589 8.32 -0.473 8.583 8.318 -0.48 0.00943364
8.553 8.338 -0.472 8.553 8.338 -0.48 0.00799999
8.487 8.325 -0.469 8.483 8.318 -0.47 0.00812438
8.421 8.313 -0.466 8.413 8.308 -0.47 0.010246
8.38 8.325 -0.465 8.373 8.318 -0.47 0.0110905
8.33 8.328 -0.463 8.323 8.318 -0.47 0.0140714
8.297 8.347 -0.463 8.293 8.338 -0.47 0.0120828
8.246 8.321 -0.459 8.243 8.318 -0.46 0.00435932
8.193 8.32 -0.457 8.183 8.318 -0.46 0.0106294
8.259 8.44 -0.465 8.253 8.438 -0.47 0.00806161
8.253 8.487 -0.466 8.253 8.478 -0.47 0.00984877
8.271 8.559 -0.47 8.263 8.558 -0.47 0.00806159
8.265 8.607 -0.472 8.263 8.598 -0.48 0.0122064
8.266 8.661 -0.474 8.263 8.658 -0.48 0.00734829
8.264 8.715 -0.476 8.263 8.708 -0.48 0.00812395
8.285 8.764 -0.479 8.283 8.758 -0.48 0.00640259
8.285 8.874 -0.484 8.283 8.868 -0.49 0.00871748
8.28 8.925 -0.485 8.273 8.918 -0.49 0.0110899
8.287 8.989 -0.488 8.283 8.988 -0.49 0.0045824
8.287 9.046 -0.491 8.283 9.038 -0.5 0.0126881
8.292 9.109 -0.494 8.283 9.108 -0.5 0.0108627
8.305 9.151 -0.496 8.303 9.148 -0.5 0.00538471
8.296 9.199 -0.498 8.293 9.198 -0.5 0.0037412
8.301 9.263 -0.5 8.293 9.258 -0.5 0.009433
8.303 9.324 -0.503 8.303 9.318 -0.51 0.00921991
8.309 9.389 -0.506 8.303 9.388 -0.51 0.00727962
8.304 9.444 -0.508 8.303 9.438 -0.51 0.00640255
8.307 9.507 -0.511 8.303 9.498 -0.52 0.0133415
8.333 9.567 -0.514 8.323 9.558 -0.52 0.0147309
8.323 9.616 -0.516 8.313 9.608 -0.52 0.0134161
8.323 9.676 -0.519 8.313 9.668 -0.52 0.0128443
8.326 9.742 -0.522 8.323 9.738 -0.53 0.00943388
8.324 9.801 -0.524 8.323 9.798 -0.53 0.00678206
8.279 9.811 -0.523 8.273 9.808 -0.53 0.00969487
11.034 8.235 -0.649 11.033 8.228 -0.65 0.00714054
11.006 8.269 -0.649 11.003 8.268 -0.65 0.00331647
10.955 8.284 -0.647 10.953 8.278 -0.65 0.00700042
10.908 8.303 -0.645 10.903 8.298 -0.65 0.00866037
10.844 8.308 -0.642 10.843 8.298 -0.65 0.0128447
10.781 8.314 -0.64 10.773 8.308 -0.64 0.0099989
10.719 8.319 -0.637 10.713 8.318 -0.64 0.00678238
10.647 8.317 -0.633 10.643 8.308 -0.64 0.0120825
10.603 8.309 -0.631 10.593 8.308 -0.64 0.0134907
10.536 8.31 -0.627 10.533 8.308 -0.63 0.00469035
10.471 8.312 -0.624 10.463 8.308 -0.63 0.0107702
10.406 8.314 -0.621 10.403 8.308 -0.63 0.0112247
10.35 8.323 -0.619 10.343 8.318 -0.62 0.00866037
10.291 8.329 -0.616 10.283 8.328 -0.62 0.00900004
10.233 8.334 -0.614 10.223 8.328 -0.62 0.0131139
10.182 8.32 -0.611 10.173 8.318 -0.62 0.0128841
10.121 8.323 -0.608 10.113 8.318 -0.61 0.00964376
10.058 8.324 -0.605 10.053 8.318 -0.61 0.009274
9.99 8.321 -0.602 9.983 8.318 -0.61 0.0110454
9.938 8.33 -0.6 9.933 8.328 -0.61 0.0113574
9.875 8.331 -0.597 9.873 8.328 -0.6 0.00469051
9.819 8.336 -0.594 9.813 8.328 -0.6 0.0116619
9.765 8.316 -0.591 9.763 8.308 -0.6 0.0122061
9.717 8.329 -0.589 9.713 8.328 -0.59 0.00424245
9.656 8.329 -0.586 9.653 8.328 -0.59 0.00509917
9.608 8.34 -0.584 9.603 8.338 -0.59 0.00806172
9.538 8.332 -0.581 9.533 8.328 -0.59 0.0110453
9.485 8.338 -0.579 9.483 8.338 -0.58 0.00223597
9.436 8.348 -0.577 9.433 8.338 -0.58 0.0108619
9.392 8.334 -0.574 9.383 8.328 -0.58 0.0123689
9.333 8.335 -0.571 9.323 8.328 -0.58 0.0151658
9.277 8.337 -0.569 9.273 8.328 -0.57 0.00989919
9.228 8.346 -0.567 9.223 8.338 -0.57 0.00989861
9.173 8.348 -0.565 9.173 8.338 -0.57 0.0111797
9.114 8.347 -0.562 9.113 8.338 -0.57 0.0120829
9.066 8.355 -0.56 9.063 8.348 -0.57 0.0125691
9.029 8.348 -0.558 9.023 8.338 -0.56 0.0118314
8.977 8.352 -0.556 8.973 8.348 -0.56 0.00692786
8.917 8.348 -0.553 8.913 8.338 -0.56 0.0128446
8.869 8.356 -0.551 8.863 8.348 -0.56 0.0134535
8.818 8.36 -0.549 8.813 8.358 -0.55 0.00547637
8.769 8.366 -0.547 8.763 8.358 -0.55 0.0104404
8.717 8.368 -0.545 8.713 8.358 -0.55 0.0118744
8.692 8.371 -0.544 8.683 8.368 -0.55 0.0112249
8.623 8.356 -0.54 8.613 8.348 -0.55 0.0162479
8.482 8.272 -0.53 8.473 8.268 -0.53 0.00984864
8.495 8.336 -0.534 8.493 8.328 -0.54 0.0101983
8.443 8.338 -0.531 8.433 8.338 -0.54 0.013453
8.414 8.361 -0.531 8.413 8.358 -0.54 0.00953943
8.389 8.389 -0.531 8.383 8.388 -0.54 0.0108624
8.328 8.38 -0.528 8.323 8.378 -0.53 0.00574457
8.302 8.38 -0.527 8.293 8.378 -0.53 0.00969512
8.256 8.386 -0.525 8.253 8.378 -0.53 0.00989879
8.22 8.402 -0.524 8.213 8.398 -0.53 0.0100497
8.202 8.436 -0.525 8.193 8.428 -0.53 0.013038
8.169 8.456 -0.525 8.163 8.448 -0.53 0.0111803
8.146 8.485 -0.525 8.143 8.478 -0.53 0.00910951
8.163 8.557 -0.529 8.153 8.548 -0.53 0.0134908
8.195 8.617 -0.533 8.193 8.608 -0.54 0.0115757
8.174 8.65 -0.534 8.173 8.648 -0.54 0.00640274
8.177 8.708 -0.536 8.173 8.698 -0.54 0.0114892
8.181 8.767 -0.539 8.173 8.758 -0.54 0.0120826
8.17 8.811 -0.541 8.163 8.808 -0.55 0.0117896
8.174 8.872 -0.544 8.173 8.868 -0.55 0.00727986
8.18 8.934 -0.547 8.173 8.928 -0.55 0.00969506
8.194 8.978 -0.549 8.193 8.968 -0.55 0.0100989
8.209 9.051 -0.553 8.203 9.048 -0.56 0.00969486
8.224 9.126 -0.557 8.223 9.118 -0.56 0.00860265
8.225 9.184 -0.56 8.223 9.178 -0.57 0.0118319
8.241 9.261 -0.564 8.233 9.258 -0.57 0.0104404
8.241 9.32 -0.567 8.233 9.318 -0.57 0.00877531
8.248 9.388 -0.57 8.243 9.378 -0.57 0.0111797
8.282 9.456 -0.575 8.273 9.448 -0.58 0.0130378
8.289 9.525 -0.578 8.283 9.518 -0.58 0.00943298
8.284 9.579 -0.581 8.283 9.578 -0.59 0.00911052
8.294 9.652 -0.585 8.293 9.648 -0.59 0.00648047
8.275 9.692 -0.586 8.273 9.688 -0.59 0.00599939
8.278 9.758 -0.589 8.273 9.758 -0.59 0.00509823
8.29 9.834 -0.593 8.283 9.828 -0.6 0.0115756
8.293 9.901 -0.596 8.283 9.898 -0.6 0.0111803
8.294 9.934 -0.598 8.293 9.928 -0.6 0.00640259
11.07 8.277 -0.749 11.063 8.268 -0.75 0.0114448
10.998 8.277 -0.745 10.993 8.268 -0.75 0.0114454
10.935 8.283 -0.742 10.933 8.278 -0.75 0.00964351
10.874 8.264 -0.738 10.873 8.258 -0.74 0.00640267
10.809 8.268 -0.734 10.803 8.258 -0.74 0.0131143
10.749 8.277 -0.731 10.743 8.268 -0.74 0.0140711
10.679 8.276 -0.727 10.673 8.268 -0.73 0.0104399
10.622 8.285 -0.725 10.613 8.278 -0.73 0.0124498
10.561 8.292 -0.722 10.553 8.288 -0.73 0.0119999
10.497 8.295 -0.718 10.493 8.288 -0.72 0.00830663
10.436 8.273 -0.714 10.433 8.268 -0.72 0.00836579
10.366 8.271 -0.71 10.363 8.268 -0.71 0.00424215
10.318 8.286 -0.708 10.313 8.278 -0.71 0.00964346
10.264 8.296 -0.706 10.263 8.288 -0.71 0.00899947
10.171 8.274 -0.7 10.163 8.268 -0.7 0.00999976
10.116 8.282 -0.697 10.113 8.278 -0.7 0.00583073
10.054 8.285 -0.694 10.053 8.278 -0.7 0.00927353
9.989 8.258 -0.69 9.983 8.258 -0.69 0.0060005
9.929 8.261 -0.687 9.923 8.258 -0.69 0.00734787
9.885 8.277 -0.685 9.883 8.268 -0.69 0.0104879
9.825 8.28 -0.682 9.823 8.278 -0.69 0.00848521
9.768 8.285 -0.679 9.763 8.278 -0.68 0.00865965
9.719 8.296 -0.677 9.713 8.288 -0.68 0.0104396
9.665 8.302 -0.674 9.663 8.298 -0.68 0.00748312
9.617 8.287 -0.671 9.613 8.278 -0.68 0.0133414
9.556 8.287 -0.668 9.553 8.278 -0.67 0.00969497
9.497 8.288 -0.665 9.493 8.278 -0.67 0.0118744
9.444 8.295 -0.663 9.443 8.288 -0.67 0.00994994
9.386 8.297 -0.66 9.383 8.288 -0.67 0.0137838
9.336 8.305 -0.658 9.333 8.298 -0.66 0.00787409
9.283 8.31 -0.655 9.273 8.308 -0.66 0.0113572
9.246 8.304 -0.653 9.243 8.298 -0.66 0.00969523
9.181 8.298 -0.649 9.173 8.298 -0.65 0.00806176
9.129 8.303 -0.647 9.123 8.298 -0.65 0.00836642
9.079 8.31 -0.645 9.073 8.308 -0.65 0.00806258
9.009 8.298 -0.641 9.003 8.298 -0.65 0.0108164
8.968 8.312 -0.639 8.963 8.308 -0.64 0.00648063
8.921 8.322 -0.637 8.913 8.318 -0.64 0.00943334
8.86 8.317 -0.634 8.853 8.308 -0.64 0.0128835
8.812 8.298 -0.631 8.803 8.298 -0.64 0.0127278
8.773 8.313 -0.629 8.763 8.308 -0.63 0.0112239
8.706 8.302 -0.626 8.703 8.298 -0.63 0.00640304
8.661 8.312 -0.624 8.653 8.308 -0.63 0.0107705
8.615 8.32 -0.622 8.613 8.318 -0.63 0.00848525
8.559 8.317 -0.619 8.553 8.308 -0.62 0.0108623
8.508 8.321 -0.617 8.503 8.318 -0.62 0.00655766
8.481 8.32 -0.615 8.473 8.318 -0.62 0.00964313
8.419 8.312 -0.612 8.413 8.308 -0.62 0.01077
8.376 8.321 -0.61 8.373 8.318 -0.62 0.0108629
8.333 8.331 -0.609 8.323 8.328 -0.61 0.0104883
8.274 8.324 -0.605 8.273 8.318 -0.61 0.0078744
8.228 8.33 -0.604 8.223 8.328 -0.61 0.00806174
8.185 8.339 -0.602 8.183 8.338 -0.61 0.00830651
8.15 8.329 -0.6 8.143 8.328 -0.61 0.0122469
8.129 8.36 -0.6 8.123 8.358 -0.61 0.0118319
8.1 8.383 -0.6 8.093 8.378 -0.61 0.0131909
8.052 8.386 -0.598 8.043 8.378 -0.6 0.012206
8.016 8.401 -0.597 8.013 8.398 -0.6 0.00519536
7.975 8.411 -0.595 7.973 8.408 -0.6 0.00616452
7.923 8.409 -0.593 7.913 8.408 -0.6 0.0122473
7.914 8.426 -0.593 7.913 8.418 -0.6 0.0106766
7.885 8.448 -0.593 7.883 8.438 -0.6 0.0123687
7.846 8.459 -0.592 7.843 8.458 -0.6 0.0086022
7.819 8.484 -0.592 7.813 8.478 -0.6 0.0116615
7.786 8.501 -0.591 7.783 8.498 -0.6 0.00994975
7.747 8.512 -0.59 7.743 8.508 -0.59 0.00565678
7.721 8.538 -0.59 7.713 8.528 -0.59 0.0128063
7.649 8.512 -0.585 7.643 8.508 -0.59 0.00877489
7.669 8.561 -0.589 7.663 8.558 -0.59 0.00678202
7.71 8.661 -0.596 7.703 8.658 -0.6 0.00860235
7.72 8.727 -0.6 7.713 8.718 -0.61 0.0151654
7.699 8.758 -0.6 7.693 8.758 -0.61 0.0116617
7.677 8.789 -0.601 7.673 8.788 -0.61 0.00989932
7.637 8.799 -0.6 7.633 8.798 -0.61 0.0108165
7.623 8.838 -0.601 7.613 8.838 -0.61 0.0134534
7.653 8.901 -0.606 7.643 8.898 -0.61 0.01118
7.659 8.965 -0.609 7.653 8.958 -0.61 0.00927329
7.686 9.054 -0.615 7.683 9.048 -0.62 0.00836624
7.698 9.125 -0.619 7.693 9.118 -0.62 0.00866008
7.699 9.185 -0.622 7.693 9.178 -0.63 0.0122063
7.704 9.25 -0.626 7.703 9.248 -0.63 0.00458252
7.705 9.31 -0.629 7.703 9.308 -0.63 0.00299973
7.719 9.357 -0.632 7.713 9.348 -0.64 0.0134534
7.727 9.426 -0.636 7.723 9.418 -0.64 0.00979755
7.771 9.541 -0.645 7.763 9.538 -0.65 0.0098991
7.831 9.675 -0.654 7.823 9.668 -0.66 0.0122063
7.742 9.69 -0.651 7.733 9.688 -0.66 0.0128838
11.149 8.32 -0.824 11.143 8.318 -0.83 0.00871707
11.07 8.315 -0.819 11.063 8.308 -0.82 0.00994847
11.012 8.326 -0.816 11.003 8.318 -0.82 0.0126888
10.939 8.324 -0.811 10.933 8.318 -0.82 0.0123691
10.897 8.32 -0.809 10.893 8.318 -0.81 0.00458165
10.822 8.316 -0.804 10.813 8.308 -0.81 0.0134526
10.744 8.31 -0.799 10.743 8.308 -0.8 0.00244932
10.675 8.31 -0.795 10.673 8.308 -0.8 0.00574448
10.614 8.317 -0.792 10.613 8.308 -0.8 0.0120829
10.544 8.315 -0.788 10.543 8.308 -0.79 0.00734752
10.49 8.326 -0.785 10.483 8.318 -0.79 0.0117476
10.444 8.316 -0.782 10.443 8.308 -0.79 0.0113574
10.384 8.321 -0.779 10.383 8.318 -0.78 0.00331689
10.33 8.331 -0.776 10.323 8.328 -0.78 0.00860237
10.265 8.332 -0.773 10.263 8.328 -0.78 0.00830645
10.214 8.344 -0.77 10.213 8.338 -0.77 0.00608237
10.137 8.334 -0.765 10.133 8.328 -0.77 0.00877462
10.091 8.35 -0.764 10.083 8.348 -0.77 0.010198
10.036 8.331 -0.76 10.033 8.328 -0.76 0.00424278
9.99 8.346 -0.758 9.983 8.338 -0.76 0.0108162
9.92 8.34 -0.753 9.913 8.338 -0.76 0.0100995
9.88 8.359 -0.752 9.873 8.358 -0.76 0.0106771
9.807 8.35 -0.748 9.803 8.348 -0.75 0.00489868
9.749 8.354 -0.744 9.743 8.348 -0.75 0.0103918
9.682 8.349 -0.74 9.673 8.348 -0.75 0.0134906
9.61 8.34 -0.736 9.603 8.338 -0.74 0.00830585
9.578 8.338 -0.734 9.573 8.338 -0.74 0.0078103
9.511 8.333 -0.73 9.503 8.328 -0.74 0.0137474
9.44 8.323 -0.726 9.433 8.318 -0.73 0.0094862
9.39 8.331 -0.723 9.383 8.328 -0.73 0.0103441
9.297 8.354 -0.719 9.293 8.348 -0.72 0.00727962
9.215 8.359 -0.715 9.213 8.358 -0.72 0.00547732
9.171 8.371 -0.713 9.163 8.368 -0.72 0.011045
9.091 8.35 -0.708 9.083 8.348 -0.71 0.00848469
9.041 8.357 -0.706 9.033 8.348 -0.71 0.0126888
8.984 8.357 -0.703 8.983 8.348 -0.71 0.0114455
8.926 8.355 -0.699 8.923 8.348 -0.7 0.00767996
8.885 8.369 -0.698 8.883 8.368 -0.7 0.00299999
8.841 8.354 -0.695 8.833 8.348 -0.7 0.0111797
8.786 8.354 -0.692 8.783 8.348 -0.7 0.0104402
8.747 8.37 -0.691 8.743 8.368 -0.7 0.0100497
8.701 8.378 -0.688 8.693 8.378 -0.69 0.00824659
8.636 8.367 -0.684 8.633 8.358 -0.69 0.0112246
8.606 8.392 -0.684 8.603 8.388 -0.69 0.00780981
8.537 8.377 -0.68 8.533 8.368 -0.69 0.0140355
8.516 8.382 -0.679 8.513 8.378 -0.68 0.00509837
8.457 8.376 -0.676 8.453 8.368 -0.68 0.00979817
8.398 8.37 -0.672 8.393 8.368 -0.68 0.00964323
8.349 8.374 -0.67 8.343 8.368 -0.68 0.0131145
8.319 8.396 -0.669 8.313 8.388 -0.67 0.0100491
8.252 8.38 -0.665 8.243 8.378 -0.67 0.010488
8.224 8.405 -0.665 8.223 8.398 -0.67 0.00865939
8.164 8.396 -0.661 8.163 8.388 -0.67 0.0120826
8.13 8.388 -0.659 8.123 8.378 -0.66 0.0122468
8.086 8.394 -0.657 8.083 8.388 -0.66 0.00734823
8.046 8.405 -0.656 8.043 8.398 -0.66 0.00860127
7.989 8.399 -0.653 7.983 8.398 -0.66 0.00927326
7.955 8.415 -0.652 7.953 8.408 -0.66 0.0108166
7.899 8.409 -0.649 7.893 8.408 -0.65 0.00616457
7.864 8.424 -0.648 7.863 8.418 -0.65 0.00640265
7.868 8.455 -0.649 7.863 8.448 -0.65 0.00865994
7.88 8.522 -0.654 7.873 8.518 -0.66 0.0100498
7.844 8.537 -0.653 7.843 8.528 -0.66 0.0114453
7.796 8.538 -0.65 7.793 8.528 -0.65 0.0104404
7.765 8.558 -0.65 7.763 8.548 -0.65 0.0101972
7.723 8.566 -0.648 7.713 8.558 -0.65 0.0129609
7.682 8.574 -0.647 7.673 8.568 -0.65 0.0112252
7.662 8.578 -0.646 7.653 8.568 -0.65 0.0140357
7.634 8.601 -0.646 7.633 8.598 -0.65 0.00509845
7.593 8.61 -0.644 7.583 8.608 -0.65 0.0118319
7.564 8.631 -0.644 7.563 8.628 -0.65 0.006782
7.53 8.647 -0.643 7.523 8.638 -0.65 0.0133789
7.499 8.666 -0.643 7.493 8.658 -0.65 0.0122068
7.477 8.695 -0.643 7.473 8.688 -0.65 0.0106765
7.466 8.739 -0.645 7.463 8.738 -0.65 0.00591605
7.492 8.798 -0.65 7.483 8.798 -0.65 0.0089998
7.481 8.841 -0.652 7.473 8.838 -0.66 0.0117045
7.474 8.889 -0.654 7.473 8.888 -0.66 0.00616437
7.447 8.914 -0.654 7.443 8.908 -0.66 0.00938048
7.404 8.919 -0.653 7.403 8.918 -0.66 0.0071413
7.375 8.94 -0.652 7.373 8.938 -0.66 0.00848502
7.373 8.996 -0.656 7.363 8.988 -0.66 0.0134164
7.389 9.045 -0.659 7.383 9.038 -0.66 0.0092733
7.405 9.122 -0.664 7.403 9.118 -0.67 0.00748314
7.401 9.176 -0.667 7.393 9.168 -0.67 0.0117042
7.417 9.256 -0.672 7.413 9.248 -0.68 0.0119996
7.41 9.307 -0.675 7.403 9.298 -0.68 0.0124495
7.433 9.396 -0.681 7.423 9.388 -0.69 0.015652
7.447 9.476 -0.687 7.443 9.468 -0.69 0.00943335
7.537 9.654 -0.701 7.533 9.648 -0.71 0.0115323
11.157 8.253 -0.912 11.153 8.248 -0.92 0.0102471
11.086 8.255 -0.908 11.083 8.248 -0.91 0.00787402
11.019 8.259 -0.904 11.013 8.258 -0.91 0.00854397
10.95 8.261 -0.899 10.943 8.258 -0.9 0.00768087
10.884 8.266 -0.895 10.883 8.258 -0.9 0.00948633
10.815 8.267 -0.891 10.813 8.258 -0.9 0.0128838
10.893 8.381 -0.902 10.883 8.378 -0.91 0.0131528
11.051 8.529 -0.919 11.043 8.528 -0.92 0.00812409
11.035 8.573 -0.92 11.033 8.568 -0.93 0.0113579
10.958 8.568 -0.915 10.953 8.558 -0.92 0.0122468
10.91 8.586 -0.913 10.903 8.578 -0.92 0.0127281
10.836 8.584 -0.908 10.833 8.578 -0.91 0.00699958
10.772 8.588 -0.904 10.763 8.588 -0.91 0.0108167
10.712 8.595 -0.901 10.703 8.588 -0.91 0.0145258
10.632 8.587 -0.895 10.623 8.578 -0.9 0.0136747
10.566 8.561 -0.89 10.563 8.558 -0.89 0.00424144
10.149 8.277 -0.85 10.143 8.268 -0.86 0.0147304
10.085 8.277 -0.846 10.083 8.268 -0.85 0.0100497
10.028 8.284 -0.842 10.023 8.278 -0.85 0.0111802
9.972 8.291 -0.839 9.963 8.288 -0.84 0.0095393
9.899 8.283 -0.834 9.893 8.278 -0.84 0.00984865
9.844 8.29 -0.831 9.843 8.288 -0.84 0.00927354
9.808 8.286 -0.829 9.803 8.278 -0.83 0.00948669
9.744 8.284 -0.825 9.743 8.278 -0.83 0.00787443
9.686 8.288 -0.822 9.683 8.278 -0.83 0.0131529
9.639 8.3 -0.819 9.633 8.298 -0.82 0.00640262
9.569 8.292 -0.815 9.563 8.288 -0.82 0.00877448
9.52 8.303 -0.812 9.513 8.298 -0.82 0.0117474
9.452 8.296 -0.808 9.443 8.288 -0.81 0.0122061
9.421 8.295 -0.806 9.413 8.288 -0.81 0.0113574
9.354 8.289 -0.802 9.353 8.288 -0.81 0.00812393
9.307 8.3 -0.799 9.303 8.298 -0.8 0.00458227
9.247 8.298 -0.796 9.243 8.298 -0.8 0.00565665
9.191 8.301 -0.792 9.183 8.298 -0.8 0.0117041
9.142 8.308 -0.79 9.133 8.298 -0.8 0.0167625
9.077 8.302 -0.786 9.073 8.298 -0.79 0.00692786
9.043 8.297 -0.783 9.033 8.288 -0.79 0.0151658
8.995 8.305 -0.781 8.993 8.298 -0.79 0.0115758
8.925 8.293 -0.776 8.923 8.288 -0.78 0.00670822
8.892 8.314 -0.775 8.883 8.308 -0.78 0.011916
8.838 8.316 -0.772 8.833 8.308 -0.78 0.0123689
8.781 8.315 -0.769 8.773 8.308 -0.77 0.010676
8.677 8.269 -0.76 8.673 8.268 -0.76 0.00412269
8.664 8.308 -0.762 8.663 8.298 -0.77 0.0128446
8.606 8.279 -0.757 8.603 8.278 -0.76 0.00435848
8.559 8.285 -0.755 8.553 8.278 -0.76 0.0104877
8.514 8.294 -0.752 8.513 8.288 -0.76 0.0100496
8.46 8.293 -0.749 8.453 8.288 -0.75 0.00866023
8.415 8.301 -0.747 8.413 8.298 -0.75 0.00468994
8.368 8.307 -0.745 8.363 8.298 -0.75 0.0114455
8.329 8.32 -0.743 8.323 8.318 -0.75 0.0094343
8.297 8.315 -0.741 8.293 8.308 -0.75 0.0120824
8.242 8.312 -0.738 8.233 8.308 -0.74 0.0100496
8.19 8.312 -0.735 8.183 8.308 -0.74 0.00948597
8.147 8.321 -0.733 8.143 8.318 -0.74 0.00860231
8.096 8.32 -0.73 8.093 8.318 -0.74 0.0106299
8.05 8.326 -0.728 8.043 8.318 -0.73 0.010817
8.006 8.332 -0.726 8.003 8.328 -0.73 0.00640262
7.974 8.325 -0.724 7.973 8.318 -0.73 0.00927364
7.931 8.333 -0.722 7.923 8.328 -0.73 0.0123693
7.883 8.334 -0.719 7.873 8.328 -0.72 0.0117043
7.844 8.346 -0.718 7.843 8.338 -0.72 0.008306
7.796 8.347 -0.715 7.793 8.338 -0.72 0.0107236
7.758 8.359 -0.714 7.753 8.358 -0.72 0.00787384
7.708 8.358 -0.711 7.703 8.348 -0.72 0.0143522
7.66 8.359 -0.708 7.653 8.358 -0.71 0.00734795
7.641 8.364 -0.708 7.633 8.358 -0.71 0.0101979
7.594 8.365 -0.705 7.593 8.358 -0.71 0.0086602
7.55 8.37 -0.703 7.543 8.368 -0.71 0.0100995
7.512 8.38 -0.702 7.503 8.378 -0.71 0.0122063
7.468 8.385 -0.7 7.463 8.378 -0.7 0.00860201
7.439 8.405 -0.699 7.433 8.398 -0.7 0.00927286
7.437 8.455 -0.702 7.433 8.448 -0.71 0.0113576
7.444 8.491 -0.705 7.443 8.488 -0.71 0.00591615
7.449 8.55 -0.709 7.443 8.548 -0.71 0.00640272
7.432 8.584 -0.71 7.423 8.578 -0.71 0.0108163
7.393 8.594 -0.708 7.383 8.588 -0.71 0.0118317
7.238 8.469 -0.693 7.233 8.468 -0.7 0.00865994
7.198 8.475 -0.691 7.193 8.468 -0.7 0.0124498
7.168 8.494 -0.691 7.163 8.488 -0.7 0.0119167
7.246 8.64 -0.703 7.243 8.638 -0.71 0.00787385
7.228 8.647 -0.703 7.223 8.638 -0.71 0.0124498
7.207 8.677 -0.704 7.203 8.668 -0.71 0.0115323
7.18 8.7 -0.704 7.173 8.698 -0.71 0.00943356
7.139 8.706 -0.702 7.133 8.698 -0.71 0.0128062
7.127 8.747 -0.704 7.123 8.738 -0.71 0.0115323
7.098 8.767 -0.704 7.093 8.758 -0.71 0.011916
7.105 8.833 -0.708 7.103 8.828 -0.71 0.00574457
7.121 8.881 -0.712 7.113 8.878 -0.72 0.0117041
7.095 8.905 -0.712 7.093 8.898 -0.72 0.0108159
7.089 8.956 -0.715 7.083 8.948 -0.72 0.0111806
7.086 9.009 -0.718 7.083 9.008 -0.72 0.00374136
7.088 9.071 -0.722 7.083 9.068 -0.73 0.0098994
7.084 9.124 -0.726 7.083 9.118 -0.73 0.00727977
7.086 9.186 -0.73 7.083 9.178 -0.74 0.0131525
7.107 9.243 -0.734 7.103 9.238 -0.74 0.00877487
7.109 9.306 -0.738 7.103 9.298 -0.74 0.0101977
7.111 9.37 -0.743 7.103 9.368 -0.75 0.0108166
7.148 9.479 -0.751 7.143 9.478 -0.76 0.0103439
11.116 8.287 -0.991 11.113 8.278 -1 0.0130766
11.045 8.261 -0.985 11.043 8.258 -0.99 0.00616407
10.983 8.268 -0.981 10.973 8.258 -0.99 0.016762
10.911 8.268 -0.976 10.903 8.258 -0.98 0.0134158
10.877 8.296 -0.975 10.873 8.288 -0.98 0.0102465
10.969 8.421 -0.988 10.963 8.418 -0.99 0.00699971
10.974 8.48 -0.991 10.973 8.478 -1 0.00927327
10.96 8.524 -0.993 10.953 8.518 -1 0.0115756
11.019 8.598 -1 11.013 8.588 -1 0.0116613
11.042 8.672 -1.006 11.033 8.668 -1.01 0.01063
10.922 8.634 -0.996 10.913 8.628 -1 0.0115323
10.834 8.619 -0.989 10.833 8.618 -0.99 0.00173228
10.767 8.621 -0.985 10.763 8.618 -0.99 0.0070712
10.675 8.602 -0.977 10.673 8.598 -0.98 0.00538495
10.589 8.588 -0.971 10.583 8.588 -0.98 0.0108167
10.512 8.553 -0.964 10.503 8.548 -0.97 0.0119165
10.103 8.272 -0.921 10.093 8.268 -0.93 0.0140356
10.042 8.274 -0.918 10.033 8.268 -0.92 0.0109998
9.991 8.286 -0.915 9.983 8.278 -0.92 0.0123698
9.929 8.286 -0.911 9.923 8.278 -0.92 0.0134537
9.868 8.288 -0.907 9.863 8.278 -0.91 0.0115761
9.817 8.298 -0.904 9.813 8.298 -0.91 0.00721098
9.769 8.284 -0.9 9.763 8.278 -0.9 0.00848535
9.724 8.298 -0.898 9.723 8.298 -0.9 0.00223583
9.661 8.297 -0.894 9.653 8.288 -0.9 0.0134537
9.602 8.298 -0.89 9.593 8.298 -0.89 0.0089998
9.555 8.31 -0.888 9.553 8.308 -0.89 0.00346386
9.488 8.305 -0.883 9.483 8.298 -0.89 0.0110906
9.434 8.309 -0.88 9.433 8.308 -0.88 0.00141337
9.373 8.308 -0.876 9.363 8.298 -0.88 0.0146966
9.331 8.297 -0.872 9.323 8.288 -0.88 0.0144569
9.275 8.299 -0.869 9.273 8.298 -0.87 0.00244838
9.215 8.298 -0.865 9.213 8.298 -0.87 0.00538512
9.165 8.305 -0.862 9.163 8.298 -0.87 0.0108166
9.118 8.315 -0.86 9.113 8.308 -0.87 0.0131904
9.061 8.315 -0.856 9.053 8.308 -0.86 0.0113568
9.005 8.315 -0.853 9.003 8.308 -0.86 0.0100988
8.973 8.312 -0.85 8.963 8.308 -0.86 0.0146964
8.914 8.31 -0.847 8.913 8.308 -0.85 0.00374143
8.874 8.324 -0.845 8.873 8.318 -0.85 0.0078744
8.813 8.319 -0.841 8.803 8.318 -0.85 0.0134902
8.761 8.322 -0.838 8.753 8.318 -0.84 0.00916449
8.706 8.322 -0.834 8.703 8.318 -0.84 0.00781016
8.66 8.33 -0.832 8.653 8.328 -0.84 0.0108165
8.615 8.313 -0.828 8.613 8.308 -0.83 0.00574373
8.569 8.32 -0.826 8.563 8.318 -0.83 0.00748289
8.523 8.328 -0.823 8.513 8.318 -0.83 0.0157795
8.472 8.331 -0.82 8.463 8.328 -0.82 0.00948671
8.424 8.335 -0.818 8.423 8.328 -0.82 0.0073483
8.366 8.33 -0.814 8.363 8.328 -0.82 0.00700005
8.32 8.337 -0.811 8.313 8.328 -0.82 0.0145252
8.27 8.339 -0.809 8.263 8.338 -0.81 0.00714134
8.228 8.322 -0.805 8.223 8.318 -0.81 0.00812339
8.181 8.326 -0.802 8.173 8.318 -0.81 0.0138564
8.13 8.326 -0.799 8.123 8.318 -0.8 0.0106774
8.08 8.327 -0.796 8.073 8.318 -0.8 0.0120829
8.028 8.325 -0.793 8.023 8.318 -0.8 0.0110902
7.931 8.277 -0.784 7.923 8.268 -0.79 0.0134534
7.919 8.316 -0.786 7.913 8.308 -0.79 0.0107699
7.878 8.3 -0.783 7.873 8.298 -0.79 0.00883159
7.829 8.3 -0.78 7.823 8.298 -0.78 0.00632414
7.781 8.301 -0.777 7.773 8.298 -0.78 0.00905505
7.747 8.317 -0.776 7.743 8.308 -0.78 0.01063
7.698 8.316 -0.773 7.693 8.308 -0.78 0.0117468
7.673 8.342 -0.773 7.663 8.338 -0.78 0.012845
7.624 8.341 -0.77 7.623 8.338 -0.77 0.00316161
7.587 8.353 -0.769 7.583 8.348 -0.77 0.00647994
7.563 8.353 -0.768 7.553 8.348 -0.77 0.0113572
7.524 8.362 -0.766 7.523 8.358 -0.77 0.00574506
7.485 8.372 -0.764 7.483 8.368 -0.77 0.00748308
7.446 8.381 -0.763 7.443 8.378 -0.77 0.008185
7.408 8.39 -0.761 7.403 8.388 -0.77 0.0104879
7.363 8.393 -0.759 7.353 8.388 -0.76 0.0112243
7.321 8.398 -0.757 7.313 8.388 -0.76 0.0131523
7.293 8.393 -0.755 7.283 8.388 -0.76 0.0122468
7.255 8.402 -0.753 7.253 8.398 -0.76 0.00830641
7.211 8.403 -0.751 7.203 8.398 -0.76 0.013038
7.175 8.415 -0.75 7.173 8.408 -0.75 0.00728008
7.13 8.415 -0.747 7.123 8.408 -0.75 0.0103441
7.108 8.443 -0.748 7.103 8.438 -0.75 0.00734758
7.096 8.483 -0.75 7.093 8.478 -0.75 0.00583016
7.107 8.523 -0.753 7.103 8.518 -0.76 0.00948626
7.108 8.579 -0.757 7.103 8.578 -0.76 0.00591579
7.101 8.626 -0.759 7.093 8.618 -0.76 0.0113577
7.109 8.691 -0.764 7.103 8.688 -0.77 0.00899975
7.074 8.704 -0.763 7.073 8.698 -0.77 0.00927387
7.045 8.725 -0.763 7.043 8.718 -0.77 0.0100995
7.048 8.785 -0.767 7.043 8.778 -0.77 0.00911018
7.053 8.819 -0.77 7.043 8.818 -0.77 0.0100497
7.051 8.874 -0.773 7.043 8.868 -0.78 0.0122063
7.05 8.93 -0.777 7.043 8.928 -0.78 0.00787394
7.055 8.995 -0.782 7.053 8.988 -0.79 0.0108165
7.056 9.055 -0.786 7.053 9.048 -0.79 0.00860223
7.051 9.107 -0.789 7.043 9.098 -0.79 0.0120829
7.052 9.169 -0.793 7.043 9.168 -0.8 0.0114453
7.063 9.213 -0.797 7.053 9.208 -0.8 0.0115756
7.062 9.272 -0.801 7.053 9.268 -0.81 0.0133411
7.064 9.335 -0.805 7.063 9.328 -0.81 0.00866016
7.068 9.402 -0.81 7.063 9.398 -0.82 0.0118741
7.067 9.463 -0.814 7.063 9.458 -0.82 0.00877487
7.07 9.53 -0.819 7.063 9.528 -0.82 0.00734841
7.075 9.598 -0.824 7.073 9.588 -0.83 0.0118315
7.17 9.793 -0.842 7.163 9.788 -0.85 0.0117474
11.237 8.304 -1.083 11.233 8.298 -1.09 0.0100497
11.228 8.352 -1.085 11.223 8.348 -1.09 0.00812328
11.149 8.348 -1.079 11.143 8.338 -1.08 0.0117036
11.037 8.318 -1.069 11.033 8.308 -1.07 0.0108159
10.946 8.277 -1.06 10.943 8.268 -1.06 0.00948664
10.932 8.321 -1.062 10.923 8.318 -1.07 0.0124098
10.935 8.377 -1.065 10.933 8.368 -1.07 0.0104878
10.919 8.42 -1.066 10.913 8.418 -1.07 0.00748334
10.909 8.466 -1.068 10.903 8.458 -1.07 0.0101976
10.758 8.404 -1.054 10.753 8.398 -1.06 0.00984855
10.498 8.255 -1.026 10.493 8.248 -1.03 0.00948683
10.446 8.24 -1.022 10.443 8.238 -1.03 0.00877494
10.407 8.263 -1.02 10.403 8.258 -1.02 0.00640242
10.334 8.259 -1.015 10.333 8.258 -1.02 0.00519604
10.339 8.316 -1.019 10.333 8.308 -1.02 0.0100494
10.344 8.373 -1.022 10.343 8.368 -1.03 0.00948689
10.429 8.496 -1.035 10.423 8.488 -1.04 0.0111806
10.077 8.263 -0.997 10.073 8.258 -1 0.00707044
10.013 8.263 -0.992 10.003 8.258 -1 0.0137474
9.966 8.251 -0.988 9.963 8.248 -0.99 0.00469017
9.9 8.249 -0.983 9.893 8.248 -0.99 0.00994914
9.842 8.254 -0.98 9.833 8.248 -0.99 0.0147306
9.778 8.252 -0.975 9.773 8.248 -0.98 0.00812345
9.721 8.257 -0.971 9.713 8.248 -0.98 0.0150329
9.662 8.259 -0.967 9.653 8.258 -0.97 0.00953915
9.603 8.261 -0.963 9.593 8.258 -0.97 0.0125691
9.563 8.253 -0.96 9.553 8.248 -0.96 0.0111797
9.507 8.257 -0.956 9.503 8.248 -0.96 0.01063
9.444 8.255 -0.952 9.443 8.248 -0.96 0.0106771
9.389 8.259 -0.948 9.383 8.258 -0.95 0.00640256
9.336 8.264 -0.945 9.333 8.258 -0.95 0.00836631
9.28 8.267 -0.941 9.273 8.258 -0.95 0.0145252
9.22 8.266 -0.937 9.213 8.258 -0.94 0.0110449
9.181 8.258 -0.934 9.173 8.258 -0.94 0.00999959
9.129 8.263 -0.931 9.123 8.258 -0.94 0.0119158
9.079 8.27 -0.928 9.073 8.268 -0.93 0.00663368
9.019 8.267 -0.924 9.013 8.258 -0.93 0.012369
8.967 8.271 -0.92 8.963 8.268 -0.93 0.01118
8.922 8.282 -0.918 8.913 8.278 -0.92 0.0100496
8.862 8.279 -0.914 8.853 8.278 -0.92 0.0108628
8.814 8.286 -0.911 8.813 8.278 -0.92 0.0120833
8.769 8.27 -0.907 8.763 8.268 -0.91 0.00699964
8.725 8.28 -0.905 8.723 8.278 -0.91 0.00574451
8.655 8.266 -0.899 8.653 8.258 -0.9 0.008306
8.608 8.272 -0.896 8.603 8.268 -0.9 0.00754912
8.572 8.29 -0.895 8.563 8.288 -0.9 0.010487
8.517 8.289 -0.891 8.513 8.288 -0.9 0.00989933
8.472 8.298 -0.889 8.463 8.298 -0.89 0.00905519
8.431 8.283 -0.885 8.423 8.278 -0.89 0.0106768
8.313 8.271 -0.877 8.303 8.268 -0.88 0.0108619
8.273 8.283 -0.875 8.263 8.278 -0.88 0.0122469
8.219 8.281 -0.871 8.213 8.278 -0.88 0.0112248
8.171 8.284 -0.869 8.163 8.278 -0.87 0.0100497
8.119 8.284 -0.865 8.113 8.278 -0.87 0.00984946
8.081 8.297 -0.864 8.073 8.288 -0.87 0.0134537
8.037 8.278 -0.86 8.033 8.268 -0.87 0.0146964
7.986 8.278 -0.856 7.983 8.268 -0.86 0.0111797
7.949 8.291 -0.855 7.943 8.288 -0.86 0.00836642
7.891 8.335 -0.854 7.883 8.328 -0.86 0.0122061
7.843 8.337 -0.851 7.833 8.328 -0.86 0.0161861
7.758 8.299 -0.843 7.753 8.298 -0.85 0.00865999
7.715 8.279 -0.839 7.713 8.278 -0.84 0.00244956
7.634 8.295 -0.835 7.633 8.288 -0.84 0.00866018
7.579 8.289 -0.831 7.573 8.288 -0.84 0.0108625
7.545 8.304 -0.83 7.543 8.298 -0.83 0.00632414
7.481 8.286 -0.825 7.473 8.278 -0.83 0.0123695
7.459 8.314 -0.826 7.453 8.308 -0.83 0.00938051
7.41 8.286 -0.821 7.403 8.278 -0.83 0.0139283
7.186 8.294 -0.808 7.183 8.288 -0.81 0.00699956
7.155 8.311 -0.807 7.153 8.308 -0.81 0.0046899
7.116 8.344 -0.807 7.113 8.338 -0.81 0.00734807
7.083 8.359 -0.806 7.073 8.358 -0.81 0.0108165
7.066 8.392 -0.807 7.063 8.388 -0.81 0.00583065
7.043 8.419 -0.808 7.033 8.418 -0.81 0.0102466
7.049 8.479 -0.813 7.043 8.478 -0.82 0.00927328
7.041 8.524 -0.815 7.033 8.518 -0.82 0.0111797
7.057 8.57 -0.819 7.053 8.568 -0.82 0.00458227
7.055 8.623 -0.823 7.053 8.618 -0.83 0.00883164
7.027 8.644 -0.823 7.023 8.638 -0.83 0.0100495
7.007 8.675 -0.824 7.003 8.668 -0.83 0.0100497
7.004 8.727 -0.828 7.003 8.718 -0.83 0.00927341
7.036 8.823 -0.836 7.033 8.818 -0.84 0.00707088
7.058 8.908 -0.844 7.053 8.898 -0.85 0.0126879
7.056 8.963 -0.847 7.053 8.958 -0.85 0.00655739
7.086 9.03 -0.854 7.083 9.028 -0.86 0.00699989
7.086 9.088 -0.858 7.083 9.088 -0.86 0.0036054
7.023 9.066 -0.853 7.013 9.058 -0.86 0.0145937
7.006 9.103 -0.855 7.003 9.098 -0.86 0.0076805
7.064 9.238 -0.868 7.063 9.228 -0.87 0.0102463
7.097 9.341 -0.877 7.093 9.338 -0.88 0.0058304
7.093 9.397 -0.881 7.083 9.388 -0.89 0.0161861
7.065 9.39 -0.879 7.063 9.388 -0.88 0.0029998
7.029 9.405 -0.878 7.023 9.398 -0.88 0.00943298
7.057 9.503 -0.887 7.053 9.498 -0.89 0.00707103
7.032 9.532 -0.888 7.023 9.528 -0.89 0.0100497
7.087 9.669 -0.901 7.083 9.668 -0.91 0.00989933
7.099 9.749 -0.908 7.093 9.748 -0.91 0.00640268
7.122 9.846 -0.916 7.113 9.838 -0.92 0.0126881
11.164 8.278 -1.165 11.163 8.268 -1.17 0.0112243
11.169 8.337 -1.169 11.163 8.328 -1.17 0.0108626
11.165 8.389 -1.171 11.163 8.388 -1.18 0.00927346
10.974 8.299 -1.151 10.973 8.298 -1.16 0.00911027
10.942 8.328 -1.15 10.933 8.318 -1.15 0.0134532
10.953 8.392 -1.155 10.943 8.388 -1.16 0.0118742
10.957 8.422 -1.157 10.953 8.418 -1.16 0.00640298
10.678 8.26 -1.126 10.673 8.258 -1.13 0.00670814
10.578 8.236 -1.117 10.573 8.228 -1.12 0.00989909
10.516 8.241 -1.112 10.513 8.238 -1.12 0.00905548
10.448 8.241 -1.107 10.443 8.238 -1.11 0.00655758
10.336 8.257 -1.099 10.333 8.248 -1.1 0.0095393
10.271 8.259 -1.094 10.263 8.258 -1.1 0.0100498
10.224 8.247 -1.09 10.223 8.238 -1.1 0.0134905
10.189 8.272 -1.089 10.183 8.268 -1.09 0.00727912
10.163 8.304 -1.089 10.153 8.298 -1.09 0.0117045
9.986 8.264 -1.073 9.983 8.258 -1.08 0.00969514
9.93 8.27 -1.069 9.923 8.268 -1.07 0.00734846
9.87 8.273 -1.065 9.863 8.268 -1.07 0.00994947
9.83 8.266 -1.061 9.823 8.258 -1.07 0.0139281
9.755 8.255 -1.055 9.753 8.248 -1.06 0.00883172
9.707 8.266 -1.052 9.703 8.258 -1.06 0.0119994
9.65 8.271 -1.048 9.643 8.268 -1.05 0.00787285
9.584 8.266 -1.043 9.583 8.258 -1.05 0.0106766
9.535 8.276 -1.04 9.533 8.268 -1.04 0.00824558
9.478 8.279 -1.036 9.473 8.278 -1.04 0.00648019
9.435 8.267 -1.032 9.433 8.258 -1.04 0.0122064
9.382 8.273 -1.028 9.373 8.268 -1.03 0.0104876
9.325 8.275 -1.024 9.323 8.268 -1.03 0.0094332
9.266 8.275 -1.02 9.263 8.268 -1.02 0.00761458
9.224 8.289 -1.018 9.223 8.288 -1.02 0.00244908
9.152 8.277 -1.012 9.143 8.268 -1.02 0.0150331
9.097 8.278 -1.008 9.093 8.268 -1.01 0.0109537
9.059 8.27 -1.004 9.053 8.268 -1.01 0.0087175
9.015 8.282 -1.002 9.013 8.278 -1.01 0.00916498
8.953 8.277 -0.997 8.943 8.268 -1 0.0137841
8.892 8.272 -0.993 8.883 8.268 -1 0.0120828
8.851 8.286 -0.991 8.843 8.278 -1 0.0144567
8.793 8.284 -0.986 8.783 8.278 -0.99 0.0123292
8.735 8.281 -0.982 8.733 8.278 -0.99 0.00877503
8.712 8.285 -0.981 8.703 8.278 -0.99 0.0145257
8.648 8.276 -0.975 8.643 8.268 -0.98 0.0106763
8.611 8.293 -0.974 8.603 8.288 -0.98 0.01118
8.55 8.285 -0.969 8.543 8.278 -0.97 0.00994981
8.497 8.286 -0.965 8.493 8.278 -0.97 0.0102472
8.458 8.3 -0.964 8.453 8.298 -0.97 0.00806232
8.412 8.307 -0.961 8.403 8.298 -0.97 0.0155883
8.364 8.285 -0.956 8.363 8.278 -0.96 0.00812401
8.312 8.286 -0.952 8.303 8.278 -0.96 0.0144569
8.278 8.303 -0.951 8.273 8.298 -0.96 0.0114453
8.215 8.292 -0.946 8.213 8.288 -0.95 0.00599977
8.197 8.327 -0.947 8.193 8.318 -0.95 0.0102954
8.125 8.305 -0.941 8.123 8.298 -0.95 0.0115758
8.088 8.319 -0.939 8.083 8.318 -0.94 0.00519632
8.026 8.307 -0.934 8.023 8.298 -0.94 0.0112247
8.002 8.308 -0.933 7.993 8.298 -0.94 0.0151652
7.929 8.285 -0.926 7.923 8.278 -0.93 0.0100496
7.962 8.372 -0.934 7.953 8.368 -0.94 0.0115323
7.973 8.436 -0.94 7.963 8.428 -0.94 0.0128056
7.956 8.471 -0.941 7.953 8.468 -0.95 0.00994961
7.948 8.516 -0.944 7.943 8.508 -0.95 0.0111798
7.949 8.572 -0.948 7.943 8.568 -0.95 0.00748283
7.962 8.612 -0.952 7.953 8.608 -0.96 0.0126886
7.96 8.665 -0.955 7.953 8.658 -0.96 0.0110905
7.937 8.694 -0.956 7.933 8.688 -0.96 0.00824571
7.899 8.708 -0.954 7.893 8.698 -0.96 0.0131151
7.842 8.7 -0.95 7.833 8.698 -0.95 0.00921931
7.747 8.649 -0.94 7.743 8.648 -0.94 0.00412318
7.675 8.622 -0.934 7.673 8.618 -0.94 0.00748311
7.519 8.473 -0.912 7.513 8.468 -0.92 0.0111798
7.401 8.392 -0.899 7.393 8.388 -0.9 0.00899978
7.281 8.309 -0.885 7.273 8.308 -0.89 0.00948669
7.27 8.348 -0.887 7.263 8.338 -0.89 0.012569
7.208 8.33 -0.882 7.203 8.328 -0.89 0.00964363
7.173 8.342 -0.88 7.163 8.338 -0.88 0.01077
7.142 8.359 -0.88 7.133 8.358 -0.88 0.00905523
7.127 8.368 -0.879 7.123 8.358 -0.88 0.0108168
7.071 8.356 -0.875 7.063 8.348 -0.88 0.0123689
7.056 8.392 -0.877 7.053 8.388 -0.88 0.00583061
7.043 8.429 -0.879 7.033 8.428 -0.88 0.0100991
7.029 8.466 -0.881 7.023 8.458 -0.89 0.0134531
7.031 8.524 -0.885 7.023 8.518 -0.89 0.0111801
7.032 8.58 -0.889 7.023 8.578 -0.89 0.00927348
7.02 8.62 -0.892 7.013 8.618 -0.9 0.0108163
7.024 8.653 -0.894 7.023 8.648 -0.9 0.00787349
7.018 8.701 -0.898 7.013 8.698 -0.9 0.00616418
7.002 8.738 -0.899 6.993 8.728 -0.9 0.0134902
6.979 8.766 -0.9 6.973 8.758 -0.9 0.00999958
6.972 8.813 -0.903 6.963 8.808 -0.91 0.0124494
7.016 8.927 -0.915 7.013 8.918 -0.92 0.0107234
7.014 8.982 -0.919 7.013 8.978 -0.92 0.00424231
7.029 9.031 -0.924 7.023 9.028 -0.93 0.00899979
7.009 9.064 -0.925 7.003 9.058 -0.93 0.00984825
7.035 9.157 -0.934 7.033 9.148 -0.94 0.010999
7.023 9.201 -0.937 7.013 9.198 -0.94 0.0108622
7.121 9.392 -0.957 7.113 9.388 -0.96 0.00943333
7.052 9.361 -0.951 7.043 9.358 -0.96 0.0130766
7.013 9.371 -0.949 7.003 9.368 -0.95 0.0104879
7.019 9.409 -0.953 7.013 9.408 -0.96 0.00927338
7.033 9.49 -0.96 7.023 9.488 -0.96 0.0101978
7.052 9.58 -0.968 7.043 9.578 -0.97 0.00943376
7.074 9.737 -0.982 7.073 9.728 -0.99 0.0120829
10.994 8.246 -1.234 10.993 8.238 -1.24 0.0100502
10.969 8.281 -1.234 10.963 8.278 -1.24 0.00900007
10.981 8.345 -1.239 10.973 8.338 -1.24 0.0106763
10.953 8.378 -1.239 10.943 8.378 -1.24 0.0100499
10.703 8.24 -1.21 10.693 8.238 -1.22 0.0142828
10.63 8.238 -1.203 10.623 8.228 -1.21 0.0140708
10.576 8.249 -1.2 10.573 8.248 -1.21 0.010488
10.531 8.241 -1.196 10.523 8.238 -1.2 0.00943323
10.49 8.262 -1.193 10.483 8.258 -1.2 0.010677
10.431 8.269 -1.189 10.423 8.268 -1.19 0.00812399
10.327 8.24 -1.179 10.323 8.238 -1.18 0.00458251
10.265 8.244 -1.174 10.263 8.238 -1.18 0.00871807
10.201 8.245 -1.169 10.193 8.238 -1.17 0.0106771
10.139 8.248 -1.164 10.133 8.238 -1.17 0.013115
10.108 8.249 -1.161 10.103 8.248 -1.17 0.0103435
10.094 8.29 -1.163 10.093 8.288 -1.17 0.00734844
10.045 8.303 -1.16 10.043 8.298 -1.16 0.00538535
9.941 8.27 -1.149 9.933 8.268 -1.15 0.00830602
9.878 8.271 -1.144 9.873 8.268 -1.15 0.0083664
9.824 8.279 -1.141 9.823 8.278 -1.15 0.00911052
9.756 8.273 -1.135 9.753 8.268 -1.14 0.00768035
9.723 8.272 -1.132 9.713 8.268 -1.14 0.0134158
9.649 8.261 -1.126 9.643 8.258 -1.13 0.00780967
9.604 8.276 -1.123 9.603 8.268 -1.13 0.0106766
9.529 8.263 -1.116 9.523 8.258 -1.12 0.00877413
9.489 8.281 -1.114 9.483 8.278 -1.12 0.0090004
9.42 8.273 -1.108 9.413 8.268 -1.11 0.00883131
9.377 8.288 -1.106 9.373 8.278 -1.11 0.0114893
9.321 8.265 -1.1 9.313 8.258 -1.11 0.0145941
9.277 8.278 -1.098 9.273 8.268 -1.1 0.0109537
9.204 8.265 -1.091 9.203 8.258 -1.1 0.0114455
9.16 8.278 -1.088 9.153 8.268 -1.09 0.0123687
9.091 8.268 -1.082 9.083 8.258 -1.09 0.0150988
9.05 8.283 -1.08 9.043 8.278 -1.09 0.0131909
8.985 8.275 -1.075 8.983 8.268 -1.08 0.00883095
8.954 8.273 -1.072 8.953 8.268 -1.08 0.00948645
8.887 8.263 -1.066 8.883 8.258 -1.07 0.00754913
8.85 8.28 -1.065 8.843 8.278 -1.07 0.00883172
8.781 8.268 -1.059 8.773 8.258 -1.06 0.0128442
8.747 8.288 -1.057 8.743 8.278 -1.06 0.0111804
8.677 8.274 -1.051 8.673 8.268 -1.06 0.0115322
8.643 8.293 -1.05 8.633 8.288 -1.05 0.0111797
8.588 8.293 -1.046 8.583 8.288 -1.05 0.00812416
8.548 8.28 -1.042 8.543 8.278 -1.05 0.00964358
8.495 8.28 -1.038 8.493 8.278 -1.04 0.00346393
8.451 8.29 -1.035 8.443 8.288 -1.04 0.00964396
8.391 8.283 -1.03 8.383 8.278 -1.03 0.00943353
8.337 8.282 -1.026 8.333 8.278 -1.03 0.00692786
8.293 8.29 -1.024 8.283 8.288 -1.03 0.0118323
8.237 8.286 -1.019 8.233 8.278 -1.02 0.00900066
8.206 8.281 -1.017 8.203 8.278 -1.02 0.00519638
8.164 8.291 -1.014 8.163 8.288 -1.02 0.0067823
8.113 8.291 -1.011 8.103 8.288 -1.02 0.0137836
8.059 8.288 -1.006 8.053 8.278 -1.01 0.0123287
8.012 8.292 -1.003 8.003 8.288 -1.01 0.0120828
7.974 8.304 -1.001 7.973 8.298 -1.01 0.0108626
8.012 8.397 -1.011 8.003 8.388 -1.02 0.0155882
8.039 8.451 -1.017 8.033 8.448 -1.02 0.00734822
8.016 8.48 -1.018 8.013 8.478 -1.02 0.00412206
8.008 8.524 -1.021 8.003 8.518 -1.03 0.0119162
8.005 8.576 -1.024 8.003 8.568 -1.03 0.0101983
7.997 8.621 -1.027 7.993 8.618 -1.03 0.00583124
7.994 8.672 -1.031 7.993 8.668 -1.04 0.00989937
7.969 8.699 -1.031 7.963 8.698 -1.04 0.0108626
7.931 8.685 -1.027 7.923 8.678 -1.03 0.0110452
7.887 8.692 -1.025 7.883 8.688 -1.03 0.00754952
7.806 8.658 -1.017 7.803 8.648 -1.02 0.0108621
7.715 8.612 -1.007 7.713 8.608 -1.01 0.00538565
7.672 8.618 -1.004 7.663 8.608 -1.01 0.014731
7.619 8.612 -1 7.613 8.608 -1 0.00721116
7.576 8.618 -0.997 7.573 8.608 -1 0.0108629
7.321 8.382 -0.961 7.313 8.378 -0.97 0.0126884
7.226 8.301 -0.948 7.223 8.298 -0.95 0.00468983
7.216 8.341 -0.951 7.213 8.338 -0.96 0.0099496
7.17 8.341 -0.948 7.163 8.338 -0.95 0.00787374
7.144 8.364 -0.948 7.143 8.358 -0.95 0.00640359
7.099 8.365 -0.945 7.093 8.358 -0.95 0.0104879
7.049 8.358 -0.941 7.043 8.348 -0.95 0.0147303
7.038 8.399 -0.943 7.033 8.398 -0.95 0.00865994
7.06 8.453 -0.949 7.053 8.448 -0.95 0.00865983
7.222 8.701 -0.98 7.213 8.698 -0.99 0.013784
7.033 8.638 -0.962 7.023 8.628 -0.97 0.0162475
7.008 8.663 -0.963 7.003 8.658 -0.97 0.00994974
6.99 8.696 -0.964 6.983 8.688 -0.97 0.0122059
6.961 8.688 -0.962 6.953 8.678 -0.97 0.0150991
6.976 8.763 -0.969 6.973 8.758 -0.97 0.00591523
6.998 8.847 -0.977 6.993 8.838 -0.98 0.0107237
6.996 8.901 -0.981 6.993 8.898 -0.99 0.0099496
6.98 8.939 -0.984 6.973 8.938 -0.99 0.00927354
6.967 8.98 -0.986 6.963 8.978 -0.99 0.00599944
7.001 9.082 -0.997 6.993 9.078 -1 0.00943378
6.978 9.112 -0.998 6.973 9.108 -1 0.00670876
6.976 9.138 -1 6.973 9.128 -1 0.0104395
7.034 9.334 -1.02 7.033 9.328 -1.02 0.00608217
7.063 9.434 -1.03 7.053 9.428 -1.03 0.0116614
7.03 9.452 -1.029 7.023 9.448 -1.03 0.00812389
7.031 9.515 -1.035 7.023 9.508 -1.04 0.0117472
7.023 9.568 -1.039 7.013 9.558 -1.04 0.0141764
7.059 9.775 -1.058 7.053 9.768 -1.06 0.0094329
11.045 8.292 -1.332 11.043 8.288 -1.34 0.00916502
11.045 8.318 -1.334 11.043 8.308 -1.34 0.0118315
11.031 8.363 -1.336 11.023 8.358 -1.34 0.0102462
11.014 8.405 -1.337 11.013 8.398 -1.34 0.00768023
10.778 8.278 -1.308 10.773 8.268 -1.31 0.0113567
10.671 8.302 -1.3 10.663 8.298 -1.3 0.00894414
10.547 8.259 -1.286 10.543 8.258 -1.29 0.00574446
10.529 8.271 -1.285 10.523 8.268 -1.29 0.00836563
10.475 8.282 -1.281 10.473 8.278 -1.29 0.0100496
10.409 8.283 -1.276 10.403 8.278 -1.28 0.00877502
10.406 8.334 -1.279 10.403 8.328 -1.28 0.00678189
10.281 8.287 -1.265 10.273 8.278 -1.27 0.0130377
10.216 8.288 -1.259 10.213 8.278 -1.26 0.0104883
10.158 8.293 -1.255 10.153 8.288 -1.26 0.00866031
10.129 8.297 -1.252 10.123 8.288 -1.26 0.0134535
10.145 8.363 -1.258 10.143 8.358 -1.26 0.0057443
10.124 8.399 -1.259 10.123 8.398 -1.26 0.00173182
9.971 8.325 -1.241 9.963 8.318 -1.25 0.013928
9.892 8.312 -1.233 9.883 8.308 -1.24 0.0120828
9.852 8.331 -1.231 9.843 8.328 -1.24 0.0130767
9.79 8.331 -1.226 9.783 8.328 -1.23 0.0086024
9.718 8.296 -1.217 9.713 8.288 -1.22 0.00989906
9.671 8.308 -1.214 9.663 8.298 -1.22 0.0141413
9.622 8.319 -1.211 9.613 8.318 -1.22 0.012767
9.557 8.315 -1.205 9.553 8.308 -1.21 0.00948597
9.511 8.328 -1.202 9.503 8.318 -1.21 0.0150995
9.458 8.334 -1.198 9.453 8.328 -1.2 0.00806195
9.396 8.332 -1.193 9.393 8.328 -1.2 0.00860194
9.341 8.335 -1.189 9.333 8.328 -1.19 0.0106766
9.296 8.322 -1.184 9.293 8.318 -1.19 0.0078099
9.233 8.318 -1.179 9.223 8.308 -1.18 0.0141764
9.179 8.321 -1.174 9.173 8.318 -1.18 0.00899977
9.122 8.322 -1.17 9.113 8.318 -1.17 0.00984855
9.068 8.325 -1.166 9.063 8.318 -1.17 0.00948636
9.022 8.334 -1.162 9.013 8.328 -1.17 0.0134533
8.958 8.327 -1.157 8.953 8.318 -1.16 0.0107238
8.92 8.318 -1.153 8.913 8.308 -1.16 0.0140707
8.865 8.319 -1.149 8.863 8.318 -1.15 0.00244957
8.803 8.313 -1.143 8.803 8.308 -1.15 0.0086018
8.761 8.325 -1.141 8.753 8.318 -1.15 0.013928
8.72 8.339 -1.138 8.713 8.338 -1.14 0.00734839
8.654 8.328 -1.132 8.653 8.318 -1.14 0.0128455
8.603 8.331 -1.128 8.593 8.328 -1.13 0.0106295
8.568 8.323 -1.125 8.563 8.318 -1.13 0.00865985
8.517 8.326 -1.121 8.513 8.318 -1.13 0.0126887
8.461 8.323 -1.117 8.453 8.318 -1.12 0.00989984
8.413 8.327 -1.113 8.403 8.318 -1.12 0.0151658
8.367 8.334 -1.11 8.363 8.328 -1.12 0.0123285
8.317 8.336 -1.106 8.313 8.328 -1.11 0.00979812
8.264 8.335 -1.102 8.263 8.328 -1.11 0.010677
8.24 8.337 -1.1 8.233 8.328 -1.11 0.0151656
8.188 8.337 -1.096 8.183 8.328 -1.1 0.0110448
8.129 8.329 -1.091 8.123 8.328 -1.1 0.0108626
8.083 8.334 -1.088 8.073 8.328 -1.09 0.0118321
8.119 8.424 -1.098 8.113 8.418 -1.1 0.00871787
8.135 8.494 -1.105 8.133 8.488 -1.11 0.00806258
8.128 8.54 -1.108 8.123 8.538 -1.11 0.0057447
8.14 8.607 -1.114 8.133 8.598 -1.12 0.012884
8.157 8.652 -1.119 8.153 8.648 -1.12 0.00574414
7.883 8.413 -1.079 7.873 8.408 -1.08 0.0112248
7.758 8.331 -1.063 7.753 8.328 -1.07 0.00911036
7.711 8.334 -1.059 7.703 8.328 -1.06 0.0100495
7.67 8.342 -1.057 7.663 8.338 -1.06 0.00860215
7.625 8.345 -1.054 7.623 8.338 -1.06 0.0094339
7.587 8.356 -1.052 7.583 8.348 -1.06 0.0119994
7.582 8.377 -1.053 7.573 8.368 -1.06 0.0145254
7.551 8.396 -1.053 7.543 8.388 -1.06 0.0133037
7.574 8.475 -1.061 7.573 8.468 -1.07 0.0114456
7.676 8.644 -1.082 7.673 8.638 -1.09 0.01044
7.62 8.636 -1.078 7.613 8.628 -1.08 0.0108159
7.602 8.67 -1.079 7.593 8.668 -1.08 0.0092734
7.386 8.476 -1.047 7.383 8.468 -1.05 0.00905476
7.267 8.366 -1.029 7.263 8.358 -1.03 0.00900022
7.284 8.438 -1.037 7.283 8.428 -1.04 0.0104873
7.221 8.419 -1.03 7.213 8.418 -1.03 0.0080621
7.181 8.425 -1.028 7.173 8.418 -1.03 0.0108166
7.141 8.432 -1.026 7.133 8.428 -1.03 0.00979735
7.057 8.386 -1.016 7.053 8.378 -1.02 0.00979735
7.105 8.497 -1.029 7.103 8.488 -1.03 0.00927338
7.098 8.544 -1.032 7.093 8.538 -1.04 0.01118
7.106 8.581 -1.036 7.103 8.578 -1.04 0.0058309
7.093 8.62 -1.038 7.083 8.618 -1.04 0.010392
7.085 8.665 -1.042 7.083 8.658 -1.05 0.0108165
7.073 8.706 -1.044 7.063 8.698 -1.05 0.0141422
7.043 8.725 -1.044 7.033 8.718 -1.05 0.0136012
7.039 8.777 -1.048 7.033 8.768 -1.05 0.0109996
7.053 8.852 -1.056 7.043 8.848 -1.06 0.0114888
7.08 8.914 -1.063 7.073 8.908 -1.07 0.0115754
7.084 8.977 -1.069 7.083 8.968 -1.07 0.00911024
7.08 9.031 -1.073 7.073 9.028 -1.08 0.0103438
7.076 9.084 -1.077 7.073 9.078 -1.08 0.00734798
7.074 9.141 -1.082 7.073 9.138 -1.09 0.00860202
7.084 9.214 -1.089 7.083 9.208 -1.09 0.00616391
7.088 9.279 -1.095 7.083 9.278 -1.1 0.0071412
7.103 9.36 -1.103 7.093 9.358 -1.11 0.0123691
7.124 9.419 -1.11 7.123 9.418 -1.12 0.0100995
7.125 9.482 -1.116 7.123 9.478 -1.12 0.00599977
7.092 9.5 -1.115 7.083 9.498 -1.12 0.0104879
7.101 9.575 -1.122 7.093 9.568 -1.13 0.0133038
7.091 9.624 -1.126 7.083 9.618 -1.13 0.01077
7.147 9.765 -1.142 7.143 9.758 -1.15 0.0113576
7.154 9.839 -1.149 7.153 9.838 -1.15 0.00173136
11.006 8.243 -1.41 11.003 8.238 -1.41 0.00583104
10.999 8.292 -1.413 10.993 8.288 -1.42 0.0100498
10.966 8.321 -1.412 10.963 8.318 -1.42 0.00905557
10.845 8.257 -1.396 10.843 8.248 -1.4 0.0100498
10.64 8.26 -1.377 10.633 8.258 -1.38 0.00787396
10.556 8.249 -1.368 10.553 8.248 -1.37 0.00374152
10.494 8.254 -1.363 10.493 8.248 -1.37 0.00927336
10.42 8.248 -1.356 10.413 8.238 -1.36 0.0128454
10.388 8.25 -1.353 10.383 8.248 -1.36 0.00883174
10.309 8.241 -1.345 10.303 8.238 -1.35 0.00836671
10.268 8.26 -1.343 10.263 8.258 -1.35 0.00883164
10.072 8.261 -1.325 10.063 8.258 -1.33 0.0107228
10.068 8.311 -1.328 10.063 8.308 -1.33 0.00616329
10.072 8.368 -1.333 10.063 8.358 -1.34 0.0151653
10.318 8.598 -1.372 10.313 8.588 -1.38 0.0137469
10.434 8.75 -1.394 10.433 8.748 -1.4 0.00640284
10.431 8.803 -1.398 10.423 8.798 -1.4 0.00964375
10.424 8.854 -1.401 10.423 8.848 -1.41 0.0108626
10.417 8.904 -1.405 10.413 8.898 -1.41 0.00877469
10.379 8.928 -1.403 10.373 8.928 -1.41 0.00921954
9.638 8.346 -1.293 9.633 8.338 -1.3 0.0117465
9.575 8.318 -1.285 9.573 8.308 -1.29 0.0113571
9.522 8.325 -1.281 9.513 8.318 -1.29 0.0145257
9.436 8.302 -1.272 9.433 8.298 -1.28 0.00943363
9.356 8.284 -1.263 9.353 8.278 -1.27 0.00969545
9.3 8.287 -1.259 9.293 8.278 -1.26 0.0114454
9.237 8.283 -1.253 9.233 8.278 -1.26 0.00948718
9.186 8.29 -1.249 9.183 8.288 -1.25 0.00374104
9.149 8.283 -1.245 9.143 8.278 -1.25 0.00927341
9.064 8.258 -1.236 9.063 8.258 -1.24 0.00412306
9.015 8.265 -1.232 9.013 8.258 -1.24 0.0108166
8.969 8.275 -1.229 8.963 8.268 -1.23 0.0092726
8.918 8.28 -1.225 8.913 8.278 -1.23 0.00734848
8.871 8.289 -1.222 8.863 8.288 -1.23 0.0113581
8.832 8.305 -1.219 8.823 8.298 -1.22 0.0114454
8.789 8.29 -1.215 8.783 8.288 -1.22 0.00806194
8.729 8.286 -1.209 8.723 8.278 -1.21 0.01005
8.673 8.285 -1.204 8.673 8.278 -1.21 0.00921947
8.617 8.283 -1.199 8.613 8.278 -1.2 0.00648063
8.568 8.288 -1.196 8.563 8.278 -1.2 0.0118741
8.519 8.293 -1.192 8.513 8.288 -1.2 0.0111802
8.464 8.292 -1.187 8.463 8.288 -1.19 0.00509873
8.417 8.298 -1.184 8.413 8.298 -1.19 0.00721102
8.376 8.283 -1.179 8.373 8.278 -1.18 0.0059163
8.329 8.288 -1.176 8.323 8.278 -1.18 0.0123292
8.28 8.292 -1.172 8.273 8.288 -1.18 0.011357
8.226 8.29 -1.167 8.223 8.288 -1.17 0.00468986
8.173 8.289 -1.163 8.173 8.288 -1.17 0.007071
8.123 8.29 -1.159 8.113 8.288 -1.16 0.0102471
8.103 8.321 -1.16 8.093 8.318 -1.16 0.0104397
8.185 8.432 -1.176 8.183 8.428 -1.18 0.00599967
8.171 8.471 -1.178 8.163 8.468 -1.18 0.00877416
8.17 8.522 -1.182 8.163 8.518 -1.19 0.0113578
7.89 8.284 -1.139 7.883 8.278 -1.14 0.00927355
7.738 8.279 -1.127 7.733 8.278 -1.13 0.00591581
7.482 8.288 -1.107 7.473 8.278 -1.11 0.0137841
7.401 8.303 -1.102 7.393 8.298 -1.11 0.0123693
7.428 8.36 -1.109 7.423 8.358 -1.11 0.00547692
7.564 8.62 -1.143 7.563 8.618 -1.15 0.00734843
7.427 8.518 -1.123 7.423 8.508 -1.13 0.0128445
7.196 8.308 -1.087 7.193 8.298 -1.09 0.0108621
7.187 8.35 -1.09 7.183 8.348 -1.1 0.0109543
7.159 8.397 -1.092 7.153 8.388 -1.1 0.0134533
7.126 8.412 -1.091 7.123 8.408 -1.1 0.0102955
7.095 8.428 -1.09 7.093 8.428 -1.1 0.0101979
7.076 8.459 -1.091 7.073 8.458 -1.1 0.00953927
7.063 8.498 -1.094 7.053 8.488 -1.1 0.0153622
7.057 8.545 -1.098 7.053 8.538 -1.1 0.00830648
7.057 8.599 -1.102 7.053 8.598 -1.11 0.00899981
7.046 8.641 -1.106 7.043 8.638 -1.11 0.00583056
7.042 8.665 -1.107 7.033 8.658 -1.11 0.0117893
7.031 8.707 -1.11 7.023 8.698 -1.12 0.0156523
7.015 8.743 -1.112 7.013 8.738 -1.12 0.00964358
7.036 8.825 -1.122 7.033 8.818 -1.13 0.0110452
7.022 8.865 -1.124 7.013 8.858 -1.13 0.0128836
7.02 8.919 -1.129 7.013 8.918 -1.13 0.00714088
7.029 8.988 -1.136 7.023 8.978 -1.14 0.0123281
7.044 9.037 -1.142 7.043 9.028 -1.15 0.0120829
7.028 9.074 -1.144 7.023 9.068 -1.15 0.00984901
7.041 9.15 -1.152 7.033 9.148 -1.16 0.0114885
7.042 9.211 -1.158 7.033 9.208 -1.16 0.00969477
7.041 9.27 -1.163 7.033 9.268 -1.17 0.0108162
7.043 9.333 -1.169 7.033 9.328 -1.17 0.0112247
7.043 9.395 -1.175 7.033 9.388 -1.18 0.0131906
7.062 9.45 -1.181 7.053 9.448 -1.19 0.0128836
7.067 9.519 -1.188 7.063 9.518 -1.19 0.00458225
7.12 9.653 -1.204 7.113 9.648 -1.21 0.0104874
7.139 9.742 -1.214 7.133 9.738 -1.22 0.00938038
10.843 8.271 -1.475 10.843 8.268 -1.48 0.00583059
10.763 8.237 -1.465 10.753 8.228 -1.47 0.0143526
10.714 8.252 -1.461 10.713 8.248 -1.47 0.00989941
10.606 8.276 -1.452 10.603 8.268 -1.46 0.011704
10.559 8.293 -1.449 10.553 8.288 -1.45 0.00787407
10.452 8.262 -1.436 10.443 8.258 -1.44 0.0106301
10.434 8.301 -1.438 10.433 8.298 -1.44 0.00374088
10.367 8.274 -1.429 10.363 8.268 -1.43 0.00727977
10.322 8.291 -1.426 10.313 8.288 -1.43 0.0102948
10.205 8.25 -1.412 10.203 8.248 -1.42 0.00848535
10.17 8.274 -1.41 10.163 8.268 -1.41 0.00921928
10.13 8.295 -1.408 10.123 8.288 -1.41 0.0100995
10.103 8.325 -1.408 10.093 8.318 -1.41 0.0123693
10.11 8.385 -1.413 10.103 8.378 -1.42 0.0121237
10.258 8.536 -1.439 10.253 8.528 -1.44 0.00948718
10.272 8.603 -1.446 10.263 8.598 -1.45 0.011045
10.215 8.609 -1.441 10.213 8.608 -1.45 0.00927366
10.173 8.628 -1.438 10.173 8.628 -1.44 0.0020001
10.126 8.643 -1.435 10.123 8.638 -1.44 0.00768069
10.064 8.645 -1.43 10.063 8.638 -1.43 0.00707093
10.027 8.668 -1.428 10.023 8.658 -1.43 0.0109543
10.02 8.69 -1.429 10.013 8.688 -1.43 0.00734816
10.129 8.841 -1.451 10.123 8.838 -1.46 0.0112248
10.174 8.937 -1.463 10.173 8.928 -1.47 0.0114453
10.143 8.966 -1.463 10.133 8.958 -1.47 0.0145941
10.695 9.516 -1.558 10.693 9.508 -1.56 0.00848469
10.714 9.593 -1.566 10.713 9.588 -1.57 0.00648088
9.634 8.678 -1.393 9.633 8.678 -1.4 0.00707098
9.626 8.725 -1.396 9.623 8.718 -1.4 0.00860243
9.596 8.726 -1.393 9.593 8.718 -1.4 0.0110447
9.295 8.505 -1.347 9.293 8.498 -1.35 0.00787398
9.096 8.375 -1.319 9.093 8.368 -1.32 0.00768089
9.034 8.37 -1.313 9.033 8.368 -1.32 0.00734859
8.975 8.368 -1.307 8.973 8.358 -1.31 0.0106303
8.929 8.377 -1.304 8.923 8.368 -1.31 0.012369
8.826 8.333 -1.291 8.823 8.328 -1.3 0.0107239
8.787 8.322 -1.287 8.783 8.318 -1.29 0.0064028
8.729 8.319 -1.281 8.723 8.318 -1.29 0.0108626
8.683 8.327 -1.278 8.673 8.318 -1.28 0.0136009
8.629 8.327 -1.273 8.623 8.318 -1.28 0.0128838
8.582 8.335 -1.269 8.573 8.328 -1.27 0.0114453
8.511 8.317 -1.262 8.503 8.308 -1.27 0.0144564
8.466 8.326 -1.259 8.463 8.318 -1.26 0.00860246
8.426 8.312 -1.254 8.423 8.308 -1.26 0.0078099
8.381 8.319 -1.25 8.373 8.318 -1.25 0.00806181
8.342 8.333 -1.248 8.333 8.328 -1.25 0.010488
8.293 8.336 -1.244 8.283 8.328 -1.25 0.0141424
8.243 8.338 -1.24 8.233 8.338 -1.25 0.0141423
8.18 8.326 -1.234 8.173 8.318 -1.24 0.0122068
8.245 8.446 -1.25 8.243 8.438 -1.25 0.0082456
8.198 8.45 -1.246 8.193 8.448 -1.25 0.00670823
8.186 8.464 -1.246 8.183 8.458 -1.25 0.00780955
7.985 8.308 -1.215 7.983 8.298 -1.22 0.0113572
7.935 8.308 -1.211 7.933 8.298 -1.22 0.0136009
7.889 8.312 -1.208 7.883 8.308 -1.21 0.00748278
7.831 8.303 -1.202 7.823 8.298 -1.21 0.0123691
7.797 8.319 -1.201 7.793 8.318 -1.21 0.00989941
7.749 8.32 -1.197 7.743 8.318 -1.2 0.00700006
7.725 8.321 -1.195 7.723 8.318 -1.2 0.00616445
7.67 8.313 -1.189 7.663 8.308 -1.19 0.00865975
7.629 8.321 -1.187 7.623 8.318 -1.19 0.00734871
7.571 8.309 -1.181 7.563 8.308 -1.19 0.012083
7.522 8.308 -1.177 7.513 8.298 -1.18 0.0137831
7.481 8.315 -1.174 7.473 8.308 -1.18 0.0122059
7.444 8.327 -1.172 7.443 8.318 -1.18 0.0120828
7.408 8.338 -1.17 7.403 8.338 -1.17 0.0049996
7.417 8.375 -1.174 7.413 8.368 -1.18 0.0100497
7.402 8.412 -1.176 7.393 8.408 -1.18 0.0106299
7.401 8.464 -1.181 7.393 8.458 -1.19 0.0134534
7.262 8.358 -1.16 7.253 8.348 -1.16 0.013453
7.244 8.389 -1.162 7.243 8.388 -1.17 0.00812406
7.212 8.406 -1.161 7.203 8.398 -1.17 0.0150329
7.197 8.442 -1.163 7.193 8.438 -1.17 0.00899973
7.197 8.469 -1.165 7.193 8.468 -1.17 0.00648048
7.19 8.514 -1.169 7.183 8.508 -1.17 0.0092733
7.174 8.55 -1.171 7.173 8.548 -1.18 0.00927345
7.164 8.593 -1.174 7.163 8.588 -1.18 0.00787398
7.161 8.644 -1.179 7.153 8.638 -1.18 0.0100491
7.156 8.694 -1.183 7.153 8.688 -1.19 0.00969503
7.124 8.711 -1.182 7.123 8.708 -1.19 0.00860249
7.091 8.699 -1.179 7.083 8.698 -1.18 0.00812398
7.086 8.749 -1.183 7.083 8.748 -1.19 0.00768109
7.086 8.805 -1.188 7.083 8.798 -1.19 0.00787396
7.101 8.88 -1.197 7.093 8.878 -1.2 0.00877437
7.095 8.931 -1.201 7.093 8.928 -1.21 0.00969502
7.101 8.996 -1.208 7.093 8.988 -1.21 0.011489
7.102 9.056 -1.214 7.093 9.048 -1.22 0.0134532
7.132 9.124 -1.222 7.123 9.118 -1.23 0.0134534
7.099 9.141 -1.222 7.093 9.138 -1.23 0.0104399
7.107 9.211 -1.229 7.103 9.208 -1.23 0.0050989
7.125 9.295 -1.239 7.123 9.288 -1.24 0.00734844
7.148 9.387 -1.249 7.143 9.378 -1.25 0.0103438
7.145 9.444 -1.255 7.143 9.438 -1.26 0.00806186
7.136 9.493 -1.259 7.133 9.488 -1.26 0.00591608
7.115 9.497 -1.258 7.113 9.488 -1.26 0.00943366
7.249 9.741 -1.291 7.243 9.738 -1.3 0.0112251
7.094 9.594 -1.266 7.093 9.588 -1.27 0.00727971
7.067 9.621 -1.266 7.063 9.618 -1.27 0.00640308
7.03 9.634 -1.265 7.023 9.628 -1.27 0.0104878
7.039 9.71 -1.273 7.033 9.708 -1.28 0.00943362
7.041 9.778 -1.28 7.033 9.768 -1.28 0.0128053
10.082 8.285 -1.47 10.073 8.278 -1.48 0.0151657
10.065 8.324 -1.471 10.063 8.318 -1.48 0.0110001
10.551 9.035 -1.577 10.543 9.028 -1.58 0.0110453
10.424 8.984 -1.561 10.423 8.978 -1.57 0.0108626
10.408 9.027 -1.563 10.403 9.018 -1.57 0.0124498
10.772 9.611 -1.647 10.763 9.608 -1.65 0.00994996
10.705 9.612 -1.641 10.703 9.608 -1.65 0.0100502
10.67 9.641 -1.64 10.663 9.638 -1.64 0.0076155
10.634 9.669 -1.639 10.633 9.668 -1.64 0.0017317
10.518 9.625 -1.624 10.513 9.618 -1.63 0.0104881
10.431 9.606 -1.614 10.423 9.598 -1.62 0.0128059
10.461 9.664 -1.622 10.453 9.658 -1.63 0.0128061
10.464 9.728 -1.628 10.463 9.718 -1.63 0.0102463
10.297 9.633 -1.604 10.293 9.628 -1.61 0.00877502
10.213 9.615 -1.595 10.213 9.608 -1.6 0.00860233
10.145 9.612 -1.588 10.143 9.608 -1.59 0.0048991
9.108 8.687 -1.411 9.103 8.678 -1.42 0.0136744
9.049 8.686 -1.405 9.043 8.678 -1.41 0.0111797
8.916 8.613 -1.386 8.913 8.608 -1.39 0.00707127
8.7 8.431 -1.35 8.693 8.428 -1.36 0.0125696
8.548 8.337 -1.328 8.543 8.328 -1.33 0.010488
8.478 8.32 -1.32 8.473 8.318 -1.33 0.0113574
8.417 8.312 -1.314 8.413 8.308 -1.32 0.00824599
8.344 8.293 -1.305 8.343 8.288 -1.31 0.00714143
8.284 8.285 -1.299 8.283 8.278 -1.3 0.00714139
8.227 8.28 -1.294 8.223 8.278 -1.3 0.0074831
8.204 8.283 -1.292 8.203 8.278 -1.3 0.00948684
8.242 8.374 -1.304 8.233 8.368 -1.31 0.0123689
8.391 8.578 -1.336 8.383 8.568 -1.34 0.0134163
8.238 8.475 -1.312 8.233 8.468 -1.32 0.0117475
8.042 8.326 -1.281 8.033 8.318 -1.29 0.0150334
7.751 8.309 -1.254 7.743 8.308 -1.26 0.0100498
7.698 8.304 -1.249 7.693 8.298 -1.25 0.00787351
7.692 8.35 -1.253 7.683 8.348 -1.26 0.0115757
7.626 8.33 -1.245 7.623 8.328 -1.25 0.00616425
7.315 8.327 -1.218 7.313 8.318 -1.22 0.00943384
7.31 8.373 -1.222 7.303 8.368 -1.23 0.011747
7.218 8.295 -1.207 7.213 8.288 -1.21 0.00911021
7.172 8.296 -1.203 7.163 8.288 -1.21 0.013928
7.154 8.327 -1.205 7.153 8.318 -1.21 0.0103439
7.155 8.381 -1.21 7.153 8.378 -1.22 0.0106299
6.975 8.328 -1.19 6.973 8.318 -1.2 0.014283
6.99 8.373 -1.196 6.983 8.368 -1.2 0.00948652
6.957 8.387 -1.194 6.953 8.378 -1.2 0.0115323
6.961 8.445 -1.201 6.953 8.438 -1.21 0.0139278
7.003 9.031 -1.262 6.993 9.028 -1.27 0.0131528
7.031 9.125 -1.274 7.023 9.118 -1.28 0.0122065
7.013 9.161 -1.276 7.003 9.158 -1.28 0.0111802
7.006 9.182 -1.278 7.003 9.178 -1.28 0.00538477
6.972 9.198 -1.277 6.963 9.188 -1.28 0.0137834
6.97 9.531 -1.311 6.963 9.528 -1.32 0.0117897
10.701 8.268 -1.625 10.693 8.258 -1.63 0.0137471
10.65 8.282 -1.62 10.643 8.278 -1.63 0.0128446
10.594 8.292 -1.615 10.593 8.288 -1.62 0.00648056
10.569 8.299 -1.613 10.563 8.298 -1.62 0.00927292
10.519 8.313 -1.609 10.513 8.308 -1.61 0.00787344
10.447 8.309 -1.601 10.443 8.308 -1.61 0.00989943
10.345 8.281 -1.588 10.343 8.278 -1.59 0.0041232
10.259 8.265 -1.578 10.253 8.258 -1.58 0.00943393
10.209 8.278 -1.574 10.203 8.268 -1.58 0.0131143
10.168 8.298 -1.571 10.163 8.298 -1.58 0.0102956
10.097 8.266 -1.561 10.093 8.258 -1.57 0.0126883
10.133 8.35 -1.572 10.133 8.348 -1.58 0.00824619
10.138 8.407 -1.577 10.133 8.398 -1.58 0.0107229
10.762 9.696 -1.754 10.753 9.688 -1.76 0.0134533
10.686 9.689 -1.746 10.683 9.688 -1.75 0.00509824
10.619 9.689 -1.739 10.613 9.688 -1.74 0.00616432
10.557 9.692 -1.734 10.553 9.688 -1.74 0.00824607
10.493 9.695 -1.727 10.483 9.688 -1.73 0.0125692
10.457 9.692 -1.724 10.453 9.688 -1.73 0.00824607
10.383 9.684 -1.716 10.383 9.678 -1.72 0.00721069
10.314 9.68 -1.708 10.313 9.678 -1.71 0.0029996
10.26 9.691 -1.704 10.253 9.688 -1.71 0.00969514
10.165 9.661 -1.692 10.163 9.658 -1.7 0.00877507
10.196 9.752 -1.704 10.193 9.748 -1.71 0.00781015
10.184 9.802 -1.707 10.183 9.798 -1.71 0.00509859
8.546 8.754 -1.451 8.543 8.748 -1.46 0.0112246
8.243 8.549 -1.402 8.233 8.548 -1.41 0.0128453
7.982 8.33 -1.357 7.973 8.328 -1.36 0.00969523
7.937 8.334 -1.353 7.933 8.328 -1.36 0.0100495
7.906 8.328 -1.35 7.903 8.318 -1.36 0.014457
7.881 8.354 -1.35 7.873 8.348 -1.36 0.0141419
7.84 8.363 -1.347 7.833 8.358 -1.35 0.00911049
7.764 8.334 -1.337 7.763 8.328 -1.34 0.0067818
7.728 8.348 -1.335 7.723 8.338 -1.34 0.012247
7.678 8.346 -1.33 7.673 8.338 -1.34 0.0137473
7.621 8.336 -1.324 7.613 8.328 -1.33 0.0128061
7.598 8.338 -1.322 7.593 8.338 -1.33 0.00943377
7.565 8.355 -1.321 7.563 8.348 -1.33 0.0115752
7.542 8.381 -1.322 7.533 8.378 -1.33 0.012409
7.46 8.343 -1.31 7.453 8.338 -1.31 0.0086023
7.401 8.329 -1.304 7.393 8.328 -1.31 0.0100498
7.367 8.343 -1.302 7.363 8.338 -1.31 0.0102468
7.303 8.323 -1.294 7.293 8.318 -1.3 0.0126885
7.329 8.379 -1.302 7.323 8.378 -1.31 0.0100495
7.322 8.425 -1.306 7.313 8.418 -1.31 0.0120829
7.315 8.47 -1.31 7.313 8.468 -1.31 0.00282829
7.436 8.667 -1.341 7.433 8.658 -1.35 0.0130765
7.361 8.634 -1.331 7.353 8.628 -1.34 0.0134533
7.279 8.592 -1.32 7.273 8.588 -1.33 0.0123285
7.19 8.54 -1.307 7.183 8.538 -1.31 0.00787394
7.081 8.464 -1.289 7.073 8.458 -1.29 0.0100492
7.137 8.559 -1.304 7.133 8.558 -1.31 0.00727978
7.099 8.568 -1.301 7.093 8.558 -1.31 0.0147302
7.089 8.611 -1.305 7.083 8.608 -1.31 0.00836671
7.106 8.687 -1.315 7.103 8.678 -1.32 0.0107236
7.087 8.72 -1.316 7.083 8.718 -1.32 0.00599983
7.039 8.716 -1.312 7.033 8.708 -1.32 0.0128057
7.008 8.734 -1.311 7.003 8.728 -1.32 0.0119161
7.013 8.768 -1.315 7.003 8.758 -1.32 0.0149993
7.006 8.816 -1.32 7.003 8.808 -1.33 0.0131524
7.025 8.898 -1.33 7.023 8.888 -1.34 0.0142824
7.032 8.965 -1.338 7.023 8.958 -1.34 0.0115757
7.027 9.017 -1.343 7.023 9.008 -1.35 0.0120828
7.034 9.084 -1.35 7.033 9.078 -1.36 0.0117044
7.04 9.152 -1.358 7.033 9.148 -1.36 0.00830606
7.042 9.185 -1.362 7.033 9.178 -1.37 0.0139279
7.087 9.304 -1.378 7.083 9.298 -1.38 0.00748283
7.076 9.351 -1.382 7.073 9.348 -1.39 0.00905509
7.095 9.437 -1.393 7.093 9.428 -1.4 0.0115756
7.097 9.502 -1.4 7.093 9.498 -1.4 0.0056565
7.053 9.505 -1.397 7.043 9.498 -1.4 0.0125696
11.205 8.229 -1.77 11.203 8.228 -1.77 0.00223584
11.198 8.278 -1.773 11.193 8.268 -1.78 0.0131904
11.172 8.314 -1.773 11.163 8.308 -1.78 0.0128839
11.159 8.358 -1.775 11.153 8.348 -1.78 0.012688
11.156 8.411 -1.78 11.153 8.408 -1.78 0.00424285
11.127 8.444 -1.779 11.123 8.438 -1.78 0.0072797
11.129 8.473 -1.782 11.123 8.468 -1.79 0.0111801
11.131 8.53 -1.787 11.123 8.528 -1.79 0.00877495
11.071 8.539 -1.781 11.063 8.538 -1.79 0.0120823
10.244 8.242 -1.663 10.243 8.238 -1.67 0.00812389
10.19 8.252 -1.658 10.183 8.248 -1.66 0.00830568
10.158 8.279 -1.657 10.153 8.278 -1.66 0.0059162
10.138 8.316 -1.658 10.133 8.308 -1.66 0.00964315
10.159 8.387 -1.667 10.153 8.378 -1.67 0.0112248
10.985 9.094 -1.821 10.983 9.088 -1.83 0.0109998
10.97 9.14 -1.823 10.963 9.138 -1.83 0.0100995
10.952 9.183 -1.825 10.943 9.178 -1.83 0.0114451
10.929 9.223 -1.826 10.923 9.218 -1.83 0.00877451
10.903 9.26 -1.827 10.893 9.258 -1.83 0.0106292
10.893 9.311 -1.83 10.883 9.308 -1.84 0.0144567
10.875 9.354 -1.832 10.873 9.348 -1.84 0.0101978
10.878 9.386 -1.836 10.873 9.378 -1.84 0.0102465
10.874 9.443 -1.841 10.873 9.438 -1.85 0.0103436
10.863 9.494 -1.844 10.853 9.488 -1.85 0.0131143
10.841 9.534 -1.846 10.833 9.528 -1.85 0.0107706
10.838 9.592 -1.851 10.833 9.588 -1.86 0.0110453
10.833 9.648 -1.855 10.823 9.638 -1.86 0.0149995
10.848 9.723 -1.864 10.843 9.718 -1.87 0.00927319
10.87 9.773 -1.871 10.863 9.768 -1.88 0.0124495
10.598 9.651 -1.831 10.593 9.648 -1.84 0.0107236
10.521 9.641 -1.822 10.513 9.638 -1.83 0.0117045
10.456 9.642 -1.815 10.453 9.638 -1.82 0.0070709
10.389 9.641 -1.808 10.383 9.638 -1.81 0.00699967
10.333 9.65 -1.803 10.323 9.648 -1.81 0.0123691
10.237 9.621 -1.791 10.233 9.618 -1.8 0.0102957
10.25 9.663 -1.796 10.243 9.658 -1.8 0.00948689
10.251 9.725 -1.802 10.243 9.718 -1.81 0.0133041
10.358 9.888 -1.829 10.353 9.878 -1.83 0.0112238
7.981 8.275 -1.429 7.973 8.268 -1.43 0.0106763
7.862 8.307 -1.421 7.853 8.298 -1.43 0.0155882
7.83 8.326 -1.42 7.823 8.318 -1.42 0.0106301
7.72 8.287 -1.405 7.713 8.278 -1.41 0.0124495
7.578 8.29 -1.392 7.573 8.288 -1.4 0.00964347
7.483 8.29 -1.383 7.473 8.288 -1.39 0.0123691
7.481 8.34 -1.388 7.473 8.338 -1.39 0.00848516
7.409 8.287 -1.375 7.403 8.278 -1.38 0.011916
7.273 8.291 -1.363 7.263 8.288 -1.37 0.0125693
7.252 8.32 -1.364 7.243 8.318 -1.37 0.0109999
7.238 8.356 -1.367 7.233 8.348 -1.37 0.00989881
7.271 8.448 -1.38 7.263 8.438 -1.38 0.0128053
7.461 8.695 -1.424 7.453 8.688 -1.43 0.0122059
7.39 8.667 -1.414 7.383 8.658 -1.42 0.0128837
7.346 8.67 -1.41 7.343 8.668 -1.41 0.00360533
7.307 8.68 -1.408 7.303 8.678 -1.41 0.00489865
7.295 8.721 -1.411 7.293 8.718 -1.42 0.00969512
7.345 8.836 -1.428 7.343 8.828 -1.43 0.0084854
7.23 8.754 -1.409 7.223 8.748 -1.41 0.00927336
7.215 8.764 -1.409 7.213 8.758 -1.41 0.00640262
7.058 8.629 -1.38 7.053 8.628 -1.38 0.00509851
7.106 8.743 -1.397 7.103 8.738 -1.4 0.00655738
7.146 8.849 -1.412 7.143 8.848 -1.42 0.00860229
7.09 8.837 -1.406 7.083 8.828 -1.41 0.0120829
7.096 8.901 -1.413 7.093 8.898 -1.42 0.00818502
7.109 8.975 -1.423 7.103 8.968 -1.43 0.0115758
7.095 9.015 -1.426 7.093 9.008 -1.43 0.00830635
7.125 9.083 -1.436 7.123 9.078 -1.44 0.00670831
7.126 9.142 -1.443 7.123 9.138 -1.45 0.00860212
7.135 9.213 -1.451 7.133 9.208 -1.46 0.0104881
7.117 9.25 -1.454 7.113 9.248 -1.46 0.00748313
7.137 9.336 -1.465 7.133 9.328 -1.47 0.0102471
7.156 9.422 -1.477 7.153 9.418 -1.48 0.00583059
7.118 9.433 -1.475 7.113 9.428 -1.48 0.0086595
7.092 9.43 -1.472 7.083 9.428 -1.48 0.0122064
7.293 9.759 -1.527 7.283 9.758 -1.53 0.0104877
7.305 9.839 -1.537 7.303 9.838 -1.54 0.0037412
10.721 8.244 -1.777 10.713 8.238 -1.78 0.0104406
10.706 8.286 -1.779 10.703 8.278 -1.78 0.0086027
10.671 8.312 -1.778 10.663 8.308 -1.78 0.00916502
10.551 8.272 -1.76 10.543 8.268 -1.76 0.00894414
10.463 8.256 -1.749 10.463 8.248 -1.75 0.00806176
10.406 8.264 -1.743 10.403 8.258 -1.75 0.00969505
10.345 8.242 -1.734 10.343 8.238 -1.74 0.00748315
10.301 8.26 -1.73 10.293 8.258 -1.74 0.0129615
10.281 8.297 -1.732 10.273 8.288 -1.74 0.0144562
10.278 8.348 -1.736 10.273 8.338 -1.74 0.0118734
10.453 8.546 -1.774 10.443 8.538 -1.78 0.0141418
10.567 8.695 -1.801 10.563 8.688 -1.81 0.0120821
10.549 8.736 -1.802 10.543 8.728 -1.81 0.0128059
10.553 8.767 -1.806 10.553 8.758 -1.81 0.00984863
10.527 8.802 -1.806 10.523 8.798 -1.81 0.00692739
10.519 8.851 -1.81 10.513 8.848 -1.81 0.00670789
10.512 8.902 -1.814 10.503 8.898 -1.82 0.0115325
10.508 8.956 -1.819 10.503 8.948 -1.82 0.0094871
10.485 8.993 -1.82 10.483 8.988 -1.83 0.0113578
10.47 9.037 -1.822 10.463 9.028 -1.83 0.0139283
10.455 9.082 -1.825 10.453 9.078 -1.83 0.00670803
10.427 9.086 -1.822 10.423 9.078 -1.83 0.0120002
10.427 9.144 -1.828 10.423 9.138 -1.83 0.00748302
10.416 9.192 -1.831 10.413 9.188 -1.84 0.0102955
10.384 9.223 -1.83 10.383 9.218 -1.84 0.0112246
10.359 9.259 -1.831 10.353 9.258 -1.84 0.0108622
10.357 9.315 -1.837 10.353 9.308 -1.84 0.00860105
10.345 9.364 -1.84 10.343 9.358 -1.85 0.0118324
10.343 9.392 -1.843 10.343 9.388 -1.85 0.00806202
10.338 9.447 -1.848 10.333 9.438 -1.85 0.0104871
10.303 9.474 -1.846 10.303 9.468 -1.85 0.00721077
10.293 9.526 -1.85 10.283 9.518 -1.86 0.0162478
10.287 9.579 -1.855 10.283 9.578 -1.86 0.0064808
10.265 9.62 -1.857 10.263 9.618 -1.86 0.00412306
10.258 9.674 -1.861 10.253 9.668 -1.87 0.0119162
10.274 9.72 -1.868 10.273 9.718 -1.87 0.0029996
10.261 9.769 -1.871 10.253 9.768 -1.88 0.0120829
8 8.31 -1.487 7.993 8.308 -1.49 0.00787396
7.945 8.305 -1.481 7.943 8.298 -1.49 0.0115759
7.911 8.321 -1.479 7.903 8.318 -1.48 0.00860187
7.869 8.329 -1.476 7.863 8.328 -1.48 0.00727984
7.845 8.356 -1.476 7.843 8.348 -1.48 0.0091645
7.773 8.332 -1.466 7.763 8.328 -1.47 0.0114884
7.737 8.319 -1.461 7.733 8.318 -1.47 0.00989941
7.681 8.311 -1.455 7.673 8.308 -1.46 0.0098992
7.647 8.327 -1.453 7.643 8.318 -1.46 0.0120829
7.612 8.34 -1.451 7.603 8.338 -1.46 0.0128839
7.55 8.325 -1.443 7.543 8.318 -1.45 0.0121244
7.527 8.353 -1.444 7.523 8.348 -1.45 0.00877442
7.466 8.336 -1.436 7.463 8.328 -1.44 0.00943421
7.403 8.292 -1.425 7.393 8.288 -1.43 0.011874
7.362 8.299 -1.422 7.353 8.298 -1.43 0.0120827
7.336 8.322 -1.422 7.333 8.318 -1.43 0.00943362
7.301 8.334 -1.42 7.293 8.328 -1.42 0.00999962
7.294 8.38 -1.425 7.293 8.378 -1.43 0.00547704
7.289 8.428 -1.43 7.283 8.428 -1.43 0.0059995
7.378 8.779 -1.477 7.373 8.778 -1.48 0.00591589
7.374 8.831 -1.482 7.373 8.828 -1.49 0.0086024
7.317 8.819 -1.476 7.313 8.818 -1.48 0.00574442
7.199 8.732 -1.455 7.193 8.728 -1.46 0.0087746
7.206 8.796 -1.463 7.203 8.788 -1.47 0.0110448
7.198 8.815 -1.464 7.193 8.808 -1.47 0.0104873
7.201 8.876 -1.471 7.193 8.868 -1.48 0.014457
7.197 8.928 -1.477 7.193 8.928 -1.48 0.00499976
7.207 8.999 -1.486 7.203 8.998 -1.49 0.00574434
7.21 9.06 -1.493 7.203 9.058 -1.5 0.0100994
7.224 9.137 -1.503 7.223 9.128 -1.51 0.0114454
7.216 9.186 -1.508 7.213 9.178 -1.51 0.00877435
7.243 9.281 -1.521 7.233 9.278 -1.53 0.0137839
7.237 9.303 -1.523 7.233 9.298 -1.53 0.00948681
7.531 9.746 -1.601 7.523 9.738 -1.61 0.014457
7.446 9.699 -1.588 7.443 9.698 -1.59 0.00374155
7.418 9.726 -1.589 7.413 9.718 -1.59 0.00948638
7.384 9.744 -1.588 7.383 9.738 -1.59 0.00640347
7.347 9.759 -1.586 7.343 9.758 -1.59 0.00574425
7.327 9.797 -1.589 7.323 9.788 -1.59 0.00989919
7.34 9.846 -1.596 7.333 9.838 -1.6 0.0113574
9.988 8.255 -1.788 9.983 8.248 -1.79 0.00883182
9.976 8.297 -1.79 9.973 8.288 -1.79 0.00948642
9.965 8.341 -1.793 9.963 8.338 -1.8 0.00787372
9.936 8.37 -1.793 9.933 8.368 -1.8 0.00787372
9.932 8.393 -1.795 9.923 8.388 -1.8 0.0114451
9.924 8.44 -1.798 9.923 8.438 -1.8 0.0029991
9.892 8.467 -1.797 9.883 8.458 -1.8 0.0130764
9.884 8.514 -1.801 9.883 8.508 -1.81 0.0108624
9.872 8.558 -1.804 9.863 8.548 -1.81 0.0147303
9.856 8.598 -1.806 9.853 8.588 -1.81 0.0111795
9.828 8.629 -1.806 9.823 8.628 -1.81 0.00648066
9.842 8.667 -1.812 9.833 8.658 -1.82 0.0150331
9.816 8.7 -1.812 9.813 8.698 -1.82 0.00877477
9.802 8.742 -1.815 9.793 8.738 -1.82 0.0110451
9.786 8.784 -1.817 9.783 8.778 -1.82 0.00734904
9.764 8.82 -1.818 9.763 8.818 -1.82 0.0029998
9.756 8.867 -1.822 9.753 8.858 -1.83 0.0124094
9.75 8.918 -1.827 9.743 8.908 -1.83 0.01257
9.734 8.932 -1.826 9.733 8.928 -1.83 0.00574442
9.734 8.988 -1.832 9.733 8.978 -1.84 0.0128447
9.713 9.025 -1.834 9.713 9.018 -1.84 0.00921879
9.683 9.054 -1.833 9.673 9.048 -1.84 0.0136008
9.667 9.097 -1.836 9.663 9.088 -1.84 0.0106299
9.649 9.137 -1.838 9.643 9.128 -1.84 0.0109996
9.624 9.171 -1.839 9.623 9.168 -1.84 0.00331584
9.6 9.205 -1.84 9.593 9.198 -1.85 0.0140712
9.602 9.237 -1.844 9.593 9.228 -1.85 0.0140711
9.58 9.274 -1.845 9.573 9.268 -1.85 0.0104878
9.557 9.309 -1.846 9.553 9.308 -1.85 0.00574425
9.536 9.348 -1.848 9.533 9.338 -1.85 0.0106296
9.522 9.393 -1.852 9.513 9.388 -1.86 0.0130379
9.511 9.441 -1.856 9.503 9.438 -1.86 0.00943329
9.491 9.48 -1.858 9.483 9.478 -1.86 0.0084854
9.49 9.509 -1.861 9.483 9.508 -1.87 0.0114455
9.467 9.546 -1.862 9.463 9.538 -1.87 0.0119995
9.448 9.587 -1.865 9.443 9.578 -1.87 0.0114455
9.429 9.628 -1.867 9.423 9.628 -1.87 0.00670785
9.424 9.683 -1.872 9.423 9.678 -1.88 0.00948631
7.957 8.285 -1.562 7.953 8.278 -1.57 0.0113577
7.876 8.278 -1.553 7.873 8.268 -1.56 0.0125691
7.839 8.291 -1.55 7.833 8.288 -1.55 0.00670834
7.79 8.291 -1.545 7.783 8.288 -1.55 0.00911015
7.742 8.293 -1.54 7.733 8.288 -1.54 0.0102955
7.696 8.295 -1.536 7.693 8.288 -1.54 0.00860226
7.661 8.311 -1.534 7.653 8.308 -1.54 0.0104396
7.607 8.304 -1.528 7.603 8.298 -1.53 0.00748283
7.573 8.293 -1.523 7.563 8.288 -1.53 0.0131908
7.555 8.325 -1.525 7.553 8.318 -1.53 0.0088316
7.501 8.318 -1.518 7.493 8.308 -1.52 0.0129608
7.425 8.287 -1.507 7.423 8.278 -1.51 0.00969515
7.346 8.303 -1.501 7.343 8.298 -1.51 0.0107238
7.319 8.326 -1.501 7.313 8.318 -1.51 0.0134537
7.317 8.349 -1.503 7.313 8.348 -1.51 0.00812383
7.301 8.384 -1.506 7.293 8.378 -1.51 0.01077
7.303 8.44 -1.512 7.293 8.438 -1.52 0.0129612
8.061 9.766 -1.743 8.053 9.758 -1.75 0.0133034
7.964 9.711 -1.726 7.963 9.708 -1.73 0.00509912
7.914 9.713 -1.722 7.913 9.708 -1.73 0.00948688
7.863 9.712 -1.717 7.853 9.708 -1.72 0.01118
7.813 9.713 -1.712 7.803 9.708 -1.72 0.0137475
7.811 9.741 -1.715 7.803 9.738 -1.72 0.0098991
7.775 9.759 -1.714 7.773 9.758 -1.72 0.006403
7.752 9.793 -1.716 7.743 9.788 -1.72 0.0110453
7.694 9.783 -1.709 7.693 9.778 -1.71 0.00519615
7.612 9.742 -1.696 7.603 9.738 -1.7 0.0106299
7.542 9.716 -1.687 7.533 9.708 -1.69 0.0124088
7.483 9.702 -1.68 7.473 9.698 -1.68 0.01077
7.453 9.695 -1.676 7.443 9.688 -1.68 0.0128445
7.364 9.641 -1.661 7.363 9.638 -1.67 0.00953911
7.384 9.73 -1.674 7.383 9.728 -1.68 0.00640259
7.373 9.78 -1.679 7.363 9.778 -1.68 0.0102466
7.367 9.837 -1.685 7.363 9.828 -1.69 0.0110452
8.691 8.276 -1.78 8.683 8.268 -1.78 0.0113129
8.695 8.306 -1.784 8.693 8.298 -1.79 0.0101976
8.683 8.347 -1.787 8.673 8.338 -1.79 0.0137834
8.662 8.38 -1.789 8.653 8.378 -1.79 0.00927338
8.639 8.41 -1.789 8.633 8.408 -1.79 0.00640259
8.629 8.453 -1.793 8.623 8.448 -1.8 0.0104879
8.609 8.487 -1.795 8.603 8.478 -1.8 0.0119161
8.585 8.517 -1.795 8.583 8.508 -1.8 0.0104879
8.59 8.549 -1.799 8.583 8.548 -1.8 0.00714136
8.573 8.585 -1.801 8.563 8.578 -1.81 0.0151652
8.541 8.607 -1.8 8.533 8.598 -1.8 0.0120418
8.529 8.649 -1.804 8.523 8.648 -1.81 0.00854359
8.507 8.681 -1.805 8.503 8.678 -1.81 0.0070706
8.491 8.719 -1.807 8.483 8.718 -1.81 0.0086026
8.477 8.76 -1.811 8.473 8.758 -1.82 0.0100498
8.474 8.785 -1.813 8.473 8.778 -1.82 0.00994982
8.463 8.829 -1.817 8.463 8.828 -1.82 0.0031625
8.286 8.698 -1.782 8.283 8.688 -1.79 0.0131525
7.845 8.285 -1.687 7.843 8.278 -1.69 0.0078738
7.791 8.28 -1.68 7.783 8.278 -1.68 0.00824558
7.747 8.285 -1.676 7.743 8.278 -1.68 0.00899997
7.693 8.279 -1.669 7.683 8.278 -1.67 0.0100992
7.656 8.291 -1.667 7.653 8.288 -1.67 0.00519609
7.636 8.296 -1.665 7.633 8.288 -1.67 0.00989895
7.535 8.29 -1.654 7.533 8.288 -1.66 0.00663301
7.483 8.284 -1.647 7.473 8.278 -1.65 0.0120417
7.398 8.294 -1.64 7.393 8.288 -1.64 0.00780975
7.364 8.308 -1.638 7.363 8.298 -1.64 0.0102462
7.347 8.315 -1.637 7.343 8.308 -1.64 0.00860137
7.331 8.35 -1.639 7.323 8.348 -1.64 0.00830611
7.325 8.397 -1.644 7.323 8.388 -1.65 0.0109997
8.095 9.343 -1.838 8.093 9.338 -1.84 0.00574458
8.084 9.389 -1.842 8.083 9.388 -1.85 0.00812389
8.06 9.422 -1.844 8.053 9.418 -1.85 0.0100497
8.032 9.449 -1.844 8.023 9.448 -1.85 0.0108619
8.04 9.489 -1.85 8.033 9.488 -1.86 0.0122475
8.01 9.514 -1.85 8.003 9.508 -1.86 0.0136012
8.008 9.572 -1.857 8.003 9.568 -1.86 0.00707097
7.976 9.595 -1.856 7.973 9.588 -1.86 0.0086023
7.95 9.626 -1.857 7.943 9.618 -1.86 0.0110453
7.95 9.687 -1.865 7.943 9.678 -1.87 0.0124495
7.923 9.717 -1.866 7.913 9.708 -1.87 0.0140354
7.92 9.775 -1.873 7.913 9.768 -1.88 0.0121238
7.899 9.78 -1.871 7.893 9.778 -1.88 0.0109999
7.817 9.742 -1.858 7.813 9.738 -1.86 0.0059996
7.751 9.721 -1.849 7.743 9.718 -1.85 0.00860199
7.69 9.707 -1.841 7.683 9.698 -1.85 0.0145257
7.648 9.717 -1.838 7.643 9.708 -1.84 0.0104878
7.596 9.713 -1.833 7.593 9.708 -1.84 0.0091105
7.55 9.716 -1.829 7.543 9.708 -1.83 0.0106766
7.536 9.73 -1.829 7.533 9.728 -1.83 0.00374051
7.485 9.727 -1.824 7.483 9.718 -1.83 0.0109998
7.466 9.766 -1.827 7.463 9.758 -1.83 0.00905479
7.818 8.281 -1.795 7.813 8.278 -1.8 0.00768096
7.802 8.291 -1.795 7.793 8.288 -1.8 0.0107237
7.755 8.292 -1.789 7.753 8.288 -1.79 0.00458223
7.504 8.282 -1.759 7.503 8.278 -1.76 0.00424236
7.471 8.298 -1.758 7.463 8.298 -1.76 0.00824611
7.465 8.317 -1.759 7.463 8.308 -1.76 0.00927341
7.52 8.431 -1.78 7.513 8.428 -1.78 0.00761504
7.583 8.555 -1.803 7.573 8.548 -1.81 0.0140711
7.591 8.619 -1.812 7.583 8.618 -1.82 0.0113579
7.567 8.645 -1.812 7.563 8.638 -1.82 0.0113578
7.564 8.697 -1.819 7.563 8.688 -1.82 0.00910925
7.533 8.717 -1.818 7.523 8.708 -1.82 0.0136012
7.533 8.745 -1.821 7.523 8.738 -1.83 0.0151656
7.518 8.782 -1.824 7.513 8.778 -1.83 0.0087746
7.49 8.806 -1.824 7.483 8.798 -1.83 0.0122059
7.472 8.841 -1.827 7.463 8.838 -1.83 0.00994948
7.455 8.877 -1.83 7.453 8.868 -1.84 0.0136014
7.433 8.907 -1.831 7.423 8.898 -1.84 0.0161857
7.409 8.935 -1.832 7.403 8.928 -1.84 0.0122063
7.397 8.978 -1.837 7.393 8.968 -1.84 0.0111796
7.379 8.985 -1.836 7.373 8.978 -1.84 0.0100493
7.36 9.019 -1.838 7.353 9.018 -1.84 0.00734828
7.339 9.051 -1.84 7.333 9.048 -1.85 0.0120414
7.313 9.078 -1.841 7.303 9.068 -1.85 0.0167631
7.286 9.102 -1.841 7.283 9.098 -1.85 0.0102953
7.261 9.129 -1.842 7.253 9.128 -1.85 0.0113577
7.238 9.16 -1.844 7.233 9.158 -1.85 0.00806196
7.231 9.181 -1.846 7.223 9.178 -1.85 0.00943367
7.206 9.208 -1.847 7.203 9.198 -1.85 0.0108629
7.172 9.224 -1.845 7.163 9.218 -1.85 0.011916
7.143 9.247 -1.845 7.133 9.238 -1.85 0.0143524
7.125 9.283 -1.848 7.123 9.278 -1.85 0.00574461
7.088 9.296 -1.846 7.083 9.288 -1.85 0.0102463
7.061 9.322 -1.847 7.053 9.318 -1.85 0.00943335
7.06 9.35 -1.851 7.053 9.348 -1.86 0.0115755
7.03 9.372 -1.851 7.023 9.368 -1.86 0.0120829
7.006 9.4 -1.852 7.003 9.398 -1.86 0.00877461
6.981 9.429 -1.853 6.973 9.428 -1.86 0.0106769
6.982 8.309 -1.801 6.973 8.308 -1.81 0.012767
6.967 8.345 -1.804 6.963 8.338 -1.81 0.0100497
